90,90,-6,9,19,8.38,115.50,-108.88,-0.69,60.65,88.59,-1.41,8.66,-4.13,0.04,0.01,0.08,0.12,8.98,5.05,0.00,-0.02,-0.07
91,90,-2,4,16,8.40,111.56,-111.89,-1.73,60.70,86.47,-1.46,9.17,-3.62,0.03,0.06,-0.02,0.31,9.00,5.05,-0.07,0.06,-0.04
91,91,-26,2,24,8.53,112.37,-111.51,-0.32,61.35,89.34,-1.49,9.20,-3.79,-0.07,0.01,-0.04,0.06,9.15,5.00,-0.15,0.03,0.02
90,91,6,-2,37,9.45,115.16,-111.38,1.58,62.35,93.40,-1.65,8.96,-4.21,-0.11,-0.06,-0.06,-0.29,9.30,4.87,-0.20,-0.04,-0.00
90,91,0,-15,54,6.45,114.02,-105.52,-1.18,63.20,87.39,-1.10,8.90,-3.96,-0.07,-0.13,-0.11,0.21,9.04,4.57,-0.26,-0.07,-0.05
90,90,24,-18,55,2.10,112.71,-95.42,-4.07,64.21,80.71,-0.35,8.92,-3.73,-0.09,-0.11,-0.06,0.70,8.90,4.30,-0.21,-0.09,-0.03
90,90,30,-6,66,-0.03,109.47,-89.91,-6.48,63.40,75.77,0.00,8.99,-3.18,-0.14,-0.00,0.02,1.09,8.60,4.30,-0.11,-0.03,0.09
90,90,54,-6,67,2.26,112.90,-95.79,-3.89,62.86,81.52,-0.36,8.49,-3.59,-0.19,0.20,0.04,0.65,8.52,4.37,-0.05,0.13,0.20
90,90,22,-11,73,4.98,117.33,-100.74,0.01,62.46,90.03,-0.79,8.01,-4.14,-0.13,0.36,0.04,-0.00,8.48,4.42,0.00,0.26,0.20
88,90,22,15,52,7.19,119.00,-104.60,3.58,63.29,97.92,-1.14,7.90,-4.38,-0.07,0.38,0.09,-0.58,8.31,4.18,0.08,0.25,0.17
87,90,6,22,51,7.90,120.80,-105.16,5.92,63.20,102.96,-1.25,7.74,-4.61,-0.03,0.32,0.23,-0.96,8.26,4.17,0.20,0.14,0.14
86,90,2,11,60,10.77,122.60,-109.44,7.49,61.87,105.58,-1.73,7.65,-4.89,0.02,0.22,0.35,-1.25,8.40,4.49,0.29,0.01,0.09
85,90,-12,27,43,12.71,123.88,-112.03,9.14,60.82,108.27,-2.05,7.54,-5.06,0.10,0.14,0.41,-1.54,8.34,4.66,0.33,-0.07,0.01
84,90,14,24,34,15.19,127.03,-114.27,12.63,61.24,114.98,-2.51,7.37,-5.56,0.19,0.03,0.46,-2.17,8.50,4.67,0.41,-0.18,-0.11
84,91,24,24,19,17.30,125.09,-118.45,10.01,61.00,110.00,-3.04,7.99,-5.61,0.30,-0.24,0.47,-1.83,9.07,5.03,0.43,-0.43,-0.34
86,91,44,0,10,14.63,113.61,-123.10,0.66,55.61,91.18,-2.61,9.17,-4.01,0.27,-0.33,0.24,-0.13,9.20,6.30,0.11,-0.31,-0.36
87,90,56,-2,-6,13.79,113.18,-121.94,1.23,58.02,92.32,-2.41,9.02,-3.86,0.07,-0.09,-0.17,-0.23,8.98,5.61,-0.26,0.07,-0.19
86,90,62,-4,15,10.84,123.67,-109.06,6.91,63.72,105.31,-1.81,7.87,-5.25,0.06,0.01,-0.41,-1.20,8.86,4.37,-0.42,0.22,-0.22
85,90,46,0,37,6.78,125.39,-101.60,7.92,67.17,109.73,-1.11,7.64,-5.43,0.16,-0.08,-0.38,-1.32,8.77,3.69,-0.37,0.13,-0.34
84,90,32,-9,49,3.46,122.47,-96.43,5.63,68.16,104.85,-0.56,7.81,-4.97,0.23,-0.21,-0.20,-0.91,8.56,3.43,-0.23,-0.07,-0.40
85,90,12,11,40,2.39,119.24,-94.89,2.77,66.97,97.06,-0.39,8.09,-4.53,0.21,-0.27,0.00,-0.45,8.64,3.67,-0.12,-0.17,-0.35
86,90,2,18,42,3.37,121.16,-96.49,2.80,67.30,97.23,-0.56,8.07,-4.88,0.22,-0.22,0.07,-0.47,8.89,3.72,-0.05,-0.15,-0.34
86,90,14,0,46,1.23,119.75,-92.47,0.73,66.71,91.85,-0.20,8.16,-4.67,0.30,-0.12,0.09,-0.12,8.79,3.78,0.05,-0.08,-0.35
86,90,20,-9,28,-0.10,117.40,-89.78,-12.02,64.31,63.84,0.02,8.47,-4.39,0.34,-0.02,0.18,2.07,8.76,4.21,0.12,0.52,0.26
87,91,34,-20,27,0.81,112.25,-92.15,-4.51,66.82,78.66,-0.14,9.37,-3.83,0.34,0.13,0.19,0.80,9.34,4.00,0.19,1.28,0.81
88,96,36,-6,33,0.66,110.37,-91.90,-0.48,67.58,88.73,-0.12,9.51,-3.53,0.23,0.37,0.12,0.12,13.36,5.51,-0.36,1.17,-0.13
89,94,28,-6,27,6.90,115.31,-105.80,3.95,61.95,98.36,-1.27,9.46,-4.47,0.13,0.50,0.06,-0.68,8.68,4.63,-1.11,0.97,-1.39
91,94,10,4,7,7.86,113.08,-109.40,5.13,58.24,99.68,-1.52,10.13,-4.32,0.16,0.53,-0.10,-0.97,9.19,5.69,-0.69,0.47,-0.98
93,93,2,15,13,7.25,108.75,-111.60,3.60,59.48,97.07,-1.42,10.57,-3.59,-0.01,0.53,-0.17,-0.65,8.84,5.21,-0.14,-0.15,-0.47
93,93,-10,18,9,8.87,114.10,-110.93,7.02,58.50,103.26,-1.66,9.71,-4.35,-0.28,0.48,-0.14,-1.35,9.35,5.73,0.47,-0.69,0.01
93,93,-6,4,15,10.93,122.36,-109.84,0.28,59.02,90.53,-2.09,9.14,-5.79,-0.24,0.26,-0.05,-0.05,9.40,5.65,0.84,-0.41,0.73
94,93,4,11,18,8.79,109.93,-114.40,-1.91,55.56,86.63,-1.69,10.25,-3.72,-0.24,0.20,-0.10,0.40,9.95,6.82,-0.05,0.31,0.72
94,93,36,-13,42,11.24,113.65,-116.36,1.28,60.44,92.60,-2.12,9.79,-4.29,-0.47,0.40,-0.40,-0.25,9.78,5.54,-0.45,0.43,0.48
93,93,62,-20,33,9.50,122.10,-107.47,5.18,63.40,101.45,-1.71,8.66,-5.43,-0.40,0.37,-0.57,-0.98,9.68,4.85,-0.59,0.46,0.28
93,93,78,-13,34,5.46,114.46,-102.99,0.70,61.96,91.48,-0.95,9.01,-4.10,-0.33,0.31,-0.55,-0.12,9.04,4.81,-0.63,0.46,0.24
92,92,78,-40,34,6.47,115.91,-104.54,2.64,63.29,95.87,-1.10,8.74,-4.25,-0.46,0.28,-0.49,-0.46,8.89,4.47,-0.62,0.39,0.32
91,91,88,-38,30,5.35,118.21,-101.20,1.85,63.30,94.12,-0.89,8.36,-4.48,-0.42,0.22,-0.45,-0.32,8.72,4.39,-0.56,0.30,0.27
90,90,58,-22,9,3.15,116.08,-97.15,0.39,63.01,90.86,-0.51,8.39,-4.11,-0.41,0.23,-0.38,-0.06,8.46,4.31,-0.48,0.26,0.30
88,90,24,-22,19,3.49,119.72,-97.02,4.05,64.55,99.36,-0.56,7.94,-4.53,-0.43,0.27,-0.26,-0.66,8.37,3.98,-0.35,0.23,0.36
87,90,30,-38,19,4.57,123.00,-98.35,6.21,64.76,104.31,-0.72,7.54,-4.90,-0.33,0.23,-0.08,-1.01,8.36,3.94,-0.20,0.13,0.28
86,90,18,0,22,4.19,118.11,-98.85,2.47,61.61,95.17,-0.66,7.92,-4.23,-0.23,0.21,0.09,-0.40,8.12,4.39,-0.04,0.08,0.26
85,90,14,2,27,7.60,120.47,-104.74,5.16,61.05,100.57,-1.21,7.81,-4.60,-0.24,0.28,0.20,-0.85,8.21,4.54,0.07,0.07,0.29
84,90,-4,6,39,9.64,122.34,-107.62,6.11,59.88,102.05,-1.55,7.69,-4.87,-0.14,0.23,0.32,-1.03,8.35,4.85,0.19,-0.00,0.19
85,90,28,9,46,10.75,115.71,-113.64,3.84,56.54,96.94,-1.75,8.30,-3.99,-0.07,0.25,0.39,-0.65,8.12,5.37,0.25,0.01,0.19
86,90,20,13,49,15.37,119.00,-119.55,8.15,55.99,104.37,-2.55,8.10,-4.49,-0.11,0.23,0.45,-1.42,8.23,5.55,0.29,-0.06,0.21
86,90,42,18,36,18.48,120.12,-123.67,8.81,54.65,105.00,-3.14,8.14,-4.72,-0.07,0.04,0.51,-1.60,8.44,5.99,0.29,-0.23,0.09
86,90,34,38,24,19.55,115.74,-129.28,7.25,52.80,101.89,-3.42,8.67,-4.18,-0.04,-0.12,0.51,-1.35,8.43,6.40,0.23,-0.37,0.02
86,90,48,36,21,21.00,115.14,-132.10,6.63,51.84,100.65,-3.68,8.69,-4.08,-0.12,-0.28,0.44,-1.24,8.39,6.60,0.11,-0.49,0.01
86,90,44,40,10,21.22,117.60,-129.96,6.62,52.23,100.73,-3.76,8.58,-4.49,-0.13,-0.41,0.30,-1.27,8.65,6.70,-0.06,-0.54,-0.07
86,90,20,49,0,19.05,113.39,-131.01,3.76,52.00,96.09,-3.35,8.92,-3.86,-0.13,-0.49,0.11,-0.71,8.56,6.69,-0.25,-0.51,-0.12
86,90,10,45,9,17.23,114.86,-126.42,2.93,53.07,94.87,-2.93,8.57,-3.97,-0.20,-0.47,-0.11,-0.54,8.41,6.32,-0.44,-0.39,-0.12
86,90,16,13,10,14.09,117.64,-118.41,4.84,55.82,98.57,-2.31,8.16,-4.27,-0.18,-0.43,-0.26,-0.85,8.31,5.64,-0.56,-0.29,-0.16
86,90,36,6,9,11.62,119.09,-112.93,5.04,58.24,99.51,-1.92,8.14,-4.53,-0.14,-0.49,-0.26,-0.88,8.45,5.23,-0.53,-0.33,-0.22
86,90,32,-4,-18,9.75,116.40,-111.14,2.45,57.86,94.60,-1.64,8.57,-4.25,-0.09,-0.43,-0.29,-0.44,8.62,5.42,-0.51,-0.25,-0.24
86,90,46,15,4,10.81,117.98,-112.14,3.69,59.02,97.13,-1.87,8.64,-4.59,-0.09,-0.40,-0.31,-0.67,8.89,5.34,-0.53,-0.22,-0.26
86,90,42,0,16,9.92,116.08,-111.69,3.77,59.84,97.47,-1.71,8.79,-4.30,-0.08,-0.43,-0.31,-0.67,8.83,5.13,-0.54,-0.24,-0.27
86,90,46,-6,16,9.49,119.27,-108.89,6.80,62.55,104.50,-1.62,8.45,-4.74,-0.08,-0.55,-0.21,-1.18,8.80,4.57,-0.48,-0.42,-0.29
86,91,36,-2,1,7.73,120.54,-104.95,4.48,62.94,99.77,-1.34,8.50,-5.01,-0.02,-0.79,-0.05,-0.80,9.15,4.67,-0.38,-0.67,-0.41
87,91,40,13,34,6.19,114.72,-104.54,-0.42,62.03,89.11,-1.09,9.17,-4.22,0.01,-0.85,-0.00,0.08,9.29,4.93,-0.37,-0.74,-0.45
88,91,42,-29,21,3.81,111.73,-100.19,-3.93,61.88,81.71,-0.68,9.49,-3.78,-0.05,-0.79,-0.07,0.73,9.38,5.01,-0.46,-0.64,-0.38
89,91,42,-22,21,0.94,112.53,-92.45,-3.83,65.13,80.94,-0.17,9.32,-3.87,-0.11,-0.63,-0.19,0.69,9.33,4.33,-0.51,-0.51,-0.26
89,91,38,-11,25,-3.09,116.51,-83.11,-2.94,69.49,81.66,0.53,8.77,-4.38,-0.12,-0.55,-0.18,0.51,9.22,3.45,-0.46,-0.49,-0.23
89,91,20,-9,36,-6.57,113.50,-73.87,-6.27,69.52,72.57,1.11,8.80,-3.83,-0.07,-0.54,-0.02,1.06,9.05,3.38,-0.32,-0.53,-0.20
90,90,10,-15,-1,-6.84,109.20,-69.97,-9.76,65.95,67.12,1.15,9.04,-3.15,-0.14,-0.36,0.05,1.69,8.95,3.99,-0.23,-0.30,-0.07
90,90,18,4,-9,-1.84,111.14,-84.92,-8.36,64.09,71.41,0.31,8.98,-3.47,-0.15,-0.02,-0.06,1.47,8.97,4.36,-0.23,0.05,0.03
90,90,16,11,-9,-0.66,110.47,-88.10,-7.37,62.24,74.49,0.11,8.91,-3.33,-0.17,0.28,-0.25,1.29,8.82,4.64,-0.26,0.35,0.13
90,90,28,6,-6,-0.13,113.03,-89.66,-6.04,62.39,77.13,0.02,8.60,-3.66,-0.15,0.56,-0.38,1.03,8.66,4.53,-0.25,0.63,0.19
90,90,22,11,4,0.66,110.86,-91.85,-6.38,60.31,77.28,-0.11,8.76,-3.34,-0.16,0.82,-0.44,1.10,8.57,4.89,-0.26,0.93,0.29
90,90,22,4,33,3.14,113.46,-97.86,-2.00,60.87,85.89,-0.51,8.48,-3.68,-0.19,1.13,-0.55,0.33,8.31,4.63,-0.26,1.21,0.44
88,90,20,6,28,5.39,120.76,-100.45,4.72,62.33,100.07,-0.85,7.77,-4.62,-0.19,1.24,-0.49,-0.75,8.10,4.24,-0.15,1.24,0.50
87,88,16,-4,6,8.36,125.80,-104.10,8.73,61.25,107.71,-1.30,7.17,-5.17,-0.14,1.28,-0.32,-1.39,7.92,4.35,0.03,1.12,0.47
86,87,4,11,6,10.74,126.07,-107.85,7.68,56.74,103.82,-1.64,7.01,-5.11,-0.02,1.18,-0.17,-1.24,7.72,5.06,0.21,1.10,0.35
85,86,38,4,-3,14.55,125.41,-114.14,10.06,55.12,107.24,-2.27,7.13,-5.07,0.12,1.32,-0.16,-1.66,7.66,5.34,0.26,1.28,0.31
84,85,46,2,4,16.86,127.91,-116.26,13.86,54.86,113.20,-2.72,7.09,-5.52,0.20,1.43,-0.12,-2.32,7.70,5.42,0.37,1.33,0.29
82,84,36,2,19,17.63,127.99,-117.31,16.21,52.17,115.37,-2.81,6.97,-5.44,0.30,1.45,0.02,-2.63,7.14,5.54,0.57,1.27,0.29
81,82,36,0,27,24.67,131.08,-124.96,24.65,51.81,126.58,-4.01,6.57,-5.73,0.29,1.42,0.37,-4.01,6.87,5.40,0.85,1.00,0.32
80,82,38,-13,18,29.64,136.65,-128.04,26.42,51.27,128.46,-5.26,6.35,-6.72,0.32,0.89,0.75,-4.90,7.69,6.17,1.02,0.43,0.07
80,83,16,-22,33,32.11,130.32,-134.12,21.57,50.51,121.86,-6.13,7.45,-6.33,0.50,0.19,0.95,-4.25,8.29,6.83,0.92,-0.11,-0.28
82,84,20,-20,19,28.77,121.64,-136.31,13.29,49.64,110.05,-5.59,8.66,-5.34,0.60,-0.24,0.84,-2.78,8.96,7.61,0.78,-0.51,-0.54
84,86,32,-22,10,22.55,116.55,-132.89,7.85,51.64,102.53,-4.35,9.37,-4.68,0.64,-0.50,0.70,-1.60,9.12,7.22,0.61,-0.69,-0.69
86,87,36,-22,18,17.74,111.76,-130.79,4.22,54.15,97.18,-3.37,9.79,-3.91,0.58,-0.67,0.65,-0.84,9.23,6.67,0.51,-0.89,-0.73
87,88,34,-9,27,12.18,109.95,-122.32,-0.62,57.03,88.86,-2.29,9.99,-3.62,0.51,-0.88,0.63,0.12,9.28,6.02,0.50,-1.16,-0.76
89,89,48,2,12,5.67,105.65,-110.19,-5.49,58.75,79.50,-1.06,10.30,-2.89,0.42,-0.93,0.74,1.03,9.17,5.57,0.54,-1.33,-0.61
91,90,44,20,19,2.63,105.66,-99.66,-6.41,61.60,76.72,-0.49,10.34,-2.90,0.19,-0.97,0.99,1.20,9.39,5.08,0.52,-1.42,-0.35
93,91,38,29,30,1.18,106.85,-94.06,-4.61,65.62,78.94,-0.22,10.24,-3.10,-0.02,-1.12,1.33,0.83,9.38,4.25,0.55,-1.66,-0.13
94,91,30,42,34,0.31,107.79,-91.03,-5.36,67.26,76.37,-0.06,10.00,-3.21,-0.23,-1.30,1.65,0.95,9.35,3.92,0.77,-2.05,0.04
94,91,38,27,54,-1.50,109.77,-85.57,-7.44,66.46,71.89,0.28,9.88,-3.55,-0.29,-1.33,1.84,1.39,9.74,4.24,1.01,-2.21,0.13
95,93,34,20,55,1.61,107.92,-95.23,-9.44,62.47,70.22,-0.31,10.59,-3.43,-0.27,-1.08,1.81,1.98,10.56,5.50,1.07,-1.99,0.16
97,94,34,4,57,5.06,106.23,-107.60,-10.76,60.22,69.06,-1.05,11.34,-3.30,-0.31,-0.81,1.48,2.40,10.98,6.28,0.69,-1.47,0.24
100,96,42,0,58,6.61,102.79,-117.64,-9.92,57.92,71.77,-1.43,12.06,-2.74,-0.47,-0.40,1.00,2.30,11.12,6.97,0.28,-0.87,0.44
102,98,52,18,42,10.92,103.91,-128.76,-7.94,58.05,75.23,-2.43,12.21,-3.02,-0.73,-0.10,0.40,1.88,11.43,7.13,-0.22,-0.38,0.62
104,98,38,18,27,9.18,102.26,-127.26,-9.62,55.43,73.36,-2.02,12.21,-2.65,-0.94,0.20,-0.33,2.26,10.98,7.56,-0.78,0.20,0.83
104,99,40,24,30,11.38,109.98,-120.49,-3.06,58.05,84.23,-2.42,11.29,-4.11,-1.27,0.51,-0.90,0.69,11.01,6.87,-1.26,0.70,1.05
103,100,26,22,30,14.03,118.59,-117.56,5.86,61.76,102.24,-3.01,10.59,-5.77,-1.36,0.48,-1.25,-1.33,11.43,6.14,-1.65,0.83,0.99
102,100,22,24,6,14.68,117.72,-119.39,6.68,60.82,103.51,-3.06,10.35,-5.44,-1.32,0.21,-1.47,-1.43,10.65,5.95,-1.95,0.74,0.84
100,100,14,-13,9,14.54,119.46,-117.79,6.83,60.43,103.65,-2.91,9.77,-5.52,-1.43,0.00,-1.71,-1.43,10.36,5.88,-2.22,0.63,0.76
98,100,20,-29,9,13.80,122.93,-114.32,6.69,61.17,103.68,-2.62,8.94,-5.79,-1.33,-0.10,-1.99,-1.35,10.06,5.54,-2.52,0.81,0.58
96,99,20,-11,1,10.23,124.15,-107.82,5.88,62.14,102.43,-1.81,8.31,-5.64,-1.12,-0.15,-2.18,-1.08,9.29,4.91,-2.67,0.92,0.31
94,97,24,0,-4,7.13,121.85,-103.34,7.46,63.75,106.50,-1.19,8.06,-5.01,-0.94,-0.23,-2.13,-1.25,8.57,4.23,-2.50,0.80,0.08
92,94,26,2,13,4.00,118.76,-98.28,4.24,64.10,99.62,-0.62,7.74,-4.24,-0.76,-0.34,-1.93,-0.63,7.65,3.71,-2.27,0.60,-0.00
89,90,34,20,51,-0.71,118.71,-88.53,2.87,63.97,96.52,0.10,6.96,-3.81,-0.68,-0.41,-1.57,-0.38,6.78,3.31,-1.81,0.23,-0.04
86,87,38,40,46,-2.79,118.55,-84.18,-0.18,60.98,89.63,0.34,6.09,-3.31,-0.53,-0.44,-1.12,0.02,6.05,3.36,-1.37,0.04,-0.05
83,84,36,22,48,-0.42,117.64,-89.08,-2.69,57.32,85.04,0.05,5.72,-3.00,-0.38,-0.34,-0.80,0.32,5.71,3.67,-0.99,0.03,-0.08
81,81,36,15,58,0.69,117.95,-91.47,-5.59,55.79,80.12,-0.08,5.64,-2.99,-0.15,-0.19,-0.62,0.68,5.70,3.88,-0.67,0.09,-0.20
80,79,36,6,61,-4.20,110.15,-77.95,-10.94,52.15,72.51,0.47,6.02,-2.21,0.04,0.04,-0.44,1.36,5.53,4.30,-0.34,0.26,-0.19
80,78,36,13,43,7.85,108.66,-113.30,-12.88,40.90,73.17,-1.03,7.06,-2.38,0.24,0.72,-0.52,2.38,6.82,7.87,-0.38,1.24,-0.15
80,79,30,13,34,22.40,112.96,-136.59,4.88,41.97,96.55,-3.51,7.85,-3.32,0.43,1.57,-0.83,-0.95,7.41,8.24,-0.54,2.29,-0.14
82,80,32,13,31,37.67,121.45,-145.95,16.29,41.30,111.26,-7.38,8.16,-4.99,0.57,1.43,-0.96,-3.43,7.75,8.82,-0.63,2.28,-0.55
84,80,12,18,19,40.33,113.05,-155.24,13.19,35.40,106.04,-8.50,9.21,-3.92,0.69,0.74,-1.19,-2.91,7.19,10.12,-0.69,1.71,-0.75
86,79,-2,20,13,39.11,104.90,-162.44,9.69,30.68,101.23,-7.95,9.45,-2.52,0.47,0.46,-1.48,-2.22,6.64,11.20,-1.14,1.64,-0.60
86,77,16,36,-4,40.34,107.99,-160.02,16.38,31.72,109.06,-7.62,8.53,-2.77,0.14,0.23,-1.60,-3.32,5.94,9.62,-1.35,1.41,-0.51
85,76,22,27,13,40.15,115.24,-153.19,16.24,31.27,108.82,-6.63,7.11,-3.35,0.11,0.05,-1.53,-2.84,5.06,8.34,-1.32,0.94,-0.59
83,74,18,36,22,34.99,109.01,-155.05,10.42,27.85,101.75,-4.94,6.67,-2.30,0.24,-0.20,-1.24,-1.70,4.32,8.18,-1.05,0.52,-0.67
82,69,20,33,40,30.94,99.02,-165.34,-23.36,14.46,65.96,-4.12,6.79,-1.08,0.24,-0.14,-0.97,3.01,1.74,6.75,-0.38,0.52,0.45
82,68,34,47,33,19.17,88.44,175.52,0.81,29.20,90.92,-2.44,7.02,0.19,0.20,0.14,-0.74,-0.12,4.06,7.27,0.11,0.04,1.07
81,67,2,20,45,19.12,90.22,-179.35,5.69,31.37,96.66,-2.33,6.72,-0.03,-0.10,0.49,-0.40,-0.89,4.66,7.65,-0.17,-0.04,0.44
80,68,-2,27,34,30.68,104.17,-157.58,4.81,31.67,95.65,-3.81,6.22,-1.57,-0.25,0.42,-0.26,-0.87,5.42,8.79,-0.62,0.43,-0.09
79,67,-14,9,39,31.42,108.32,-152.77,-4.48,33.14,84.65,-3.88,6.03,-2.00,-0.13,0.85,-0.62,0.60,4.16,6.37,-0.95,0.94,-0.54
77,65,-4,2,25,20.17,119.51,-126.71,2.95,35.81,93.63,-2.20,5.22,-2.95,-0.03,1.16,-0.66,-0.34,3.89,5.40,-0.10,1.05,0.42
76,65,4,-15,36,9.99,121.12,-108.82,21.92,46.70,120.41,-1.09,5.29,-3.20,-0.07,1.30,-0.06,-2.22,4.02,3.79,0.41,0.76,0.68
75,65,24,-4,42,8.52,131.83,-102.66,34.20,62.63,145.92,-1.01,5.00,-4.48,-0.32,0.96,0.99,-3.71,4.85,2.51,1.16,-0.20,0.92
74,67,10,2,40,8.14,134.69,-101.49,16.76,53.25,116.72,-1.13,5.63,-5.57,-0.29,0.42,2.07,-2.27,6.03,4.50,1.72,-0.84,0.86
76,70,30,18,30,15.73,121.98,-118.00,8.30,48.85,102.51,-2.55,7.66,-4.79,-0.19,0.54,2.53,-1.44,7.41,6.48,2.09,-0.90,0.93
78,72,52,22,25,21.32,122.21,-126.22,5.13,44.89,97.22,-3.86,8.38,-5.28,-0.08,0.92,2.34,-1.02,7.98,8.01,2.03,-0.36,0.99
80,75,46,24,33,23.72,125.85,-126.88,12.81,44.96,107.82,-4.56,8.40,-6.07,0.00,1.45,1.93,-2.72,8.46,8.47,1.95,0.28,1.08
82,79,42,33,25,28.48,133.28,-128.35,17.62,43.24,113.55,-6.24,8.38,-7.89,0.18,1.75,1.77,-4.41,9.52,10.12,1.59,1.07,0.93
84,82,28,22,40,35.94,131.03,-137.84,17.95,39.16,112.67,-9.09,9.46,-8.23,0.44,1.75,1.40,-4.86,9.47,11.62,1.32,1.39,0.53
87,84,44,15,37,39.31,123.17,-146.24,5.26,30.72,96.11,-10.58,10.81,-7.07,0.92,2.14,0.25,-1.74,9.67,16.27,1.17,2.38,0.36
89,88,28,11,24,44.67,126.78,-148.79,11.08,35.24,103.49,-13.09,10.60,-7.93,1.35,3.51,-1.58,-4.03,11.87,16.79,-0.65,4.39,0.75
91,92,14,20,22,50.36,133.10,-150.49,29.32,48.69,130.39,-16.69,10.09,-9.45,1.38,3.11,-3.48,-8.99,12.03,10.57,-2.12,4.56,-0.11
90,93,10,-2,19,43.64,145.57,-139.14,33.85,49.54,135.95,-13.62,8.08,-11.78,1.46,1.35,-4.78,-9.32,10.57,9.01,-2.56,3.89,-1.79
90,90,40,-4,6,34.97,135.10,-134.64,33.19,43.59,132.09,-8.36,8.44,-8.47,1.89,0.01,-4.85,-6.64,7.00,7.35,-2.61,2.96,-2.58
88,85,20,0,13,27.35,125.56,-131.65,36.47,34.69,131.95,-4.70,7.38,-5.28,1.53,-0.45,-4.06,-5.47,4.21,6.09,-2.31,1.99,-2.23
85,79,16,9,33,27.25,129.38,-129.07,49.13,29.63,143.05,-3.47,5.21,-4.28,0.81,-0.78,-2.71,-5.85,2.50,4.40,-1.91,0.88,-1.58
80,73,14,-6,27,33.16,138.07,-131.29,50.62,22.97,142.92,-3.56,3.64,-4.05,0.25,-1.35,-1.41,-5.12,1.64,3.87,-1.26,-0.34,-0.99
76,69,18,0,24,35.34,138.79,-133.31,29.17,20.33,120.77,-3.42,3.17,-3.62,-0.13,-1.46,-0.60,-3.47,2.16,5.83,-0.80,-0.75,-0.47
72,66,12,13,28,39.92,144.79,-135.68,29.51,25.71,122.14,-4.18,2.88,-4.08,-0.55,-0.85,-0.53,-3.73,2.86,5.94,-0.73,-0.40,-0.11
67,65,2,9,22,34.44,166.32,-125.21,38.68,31.24,133.12,-4.28,1.48,-6.07,-0.53,-0.44,-0.62,-4.87,3.15,5.20,-0.65,-0.02,-0.13
63,64,-8,-4,24,31.89,169.18,-122.35,36.10,30.37,130.20,-4.25,1.28,-6.71,-0.09,-0.06,-0.72,-4.83,3.35,5.72,-0.41,0.51,-0.31
60,63,-24,4,7,33.15,164.41,-124.14,46.24,37.32,142.71,-4.52,1.86,-6.66,0.23,0.35,-0.61,-6.18,3.59,4.70,-0.16,0.67,-0.36
59,62,-22,9,4,34.06,157.87,-126.12,53.53,43.36,151.75,-4.54,2.53,-6.23,0.12,0.07,-0.20,-7.05,3.58,3.79,0.08,0.33,-0.39
59,63,-24,2,1,32.41,155.31,-124.95,49.75,46.21,149.64,-4.61,3.03,-6.60,-0.22,-0.29,0.42,-7.84,4.79,4.59,0.35,-0.23,-0.35
58,65,-4,9,6,34.41,161.02,-125.92,32.71,38.53,129.38,-6.04,2.87,-8.34,-0.23,-0.39,0.51,-5.86,5.68,7.14,0.35,0.03,-0.78
58,66,4,20,-1,37.48,158.66,-129.46,30.08,38.60,126.55,-6.83,3.24,-8.29,0.37,0.31,-0.21,-5.23,5.63,7.05,0.08,0.64,-0.77
57,67,22,29,16,30.72,162.79,-121.89,39.90,44.47,139.52,-5.30,2.64,-8.52,0.97,0.87,-0.71,-6.13,5.13,5.23,0.05,0.93,-0.89
57,68,14,29,21,29.19,154.66,-121.72,35.46,40.68,133.20,-4.55,3.49,-7.37,1.28,0.83,-0.64,-5.71,5.23,6.08,0.02,1.23,-1.13
59,69,24,22,24,35.51,143.75,-131.51,32.76,37.74,129.14,-5.49,4.55,-6.20,1.22,0.97,-0.66,-5.60,5.33,6.89,-0.11,1.63,-1.16
60,68,20,24,25,40.12,148.76,-134.59,38.30,33.86,133.56,-6.64,4.08,-6.73,1.12,1.28,-1.07,-6.01,4.24,6.32,-0.29,1.98,-1.12
58,65,-2,36,27,39.88,166.69,-130.65,75.03,63.09,173.10,-7.18,1.98,-8.36,0.56,0.75,-0.84,-12.50,2.98,1.51,-0.06,1.24,-0.98
56,62,2,20,30,36.02,171.26,-126.34,64.26,22.20,155.95,-6.19,1.30,-8.42,0.30,-0.95,-0.10,-9.54,1.74,4.26,0.57,0.18,-1.34
54,59,6,36,34,45.78,166.19,-136.62,55.31,18.07,146.66,-7.81,1.81,-7.38,0.41,-0.52,0.33,-9.08,1.95,5.97,0.39,-0.19,-0.63
53,57,0,29,36,49.32,171.00,-139.67,68.73,23.82,160.39,-8.88,1.19,-7.54,-0.27,-0.92,0.34,-11.77,1.85,4.19,0.34,-0.66,-0.60
51,54,2,45,33,43.11,172.06,-133.39,69.56,12.98,160.04,-6.71,0.99,-7.09,-0.62,-1.42,0.81,-10.53,0.88,3.82,0.42,-1.23,-0.60
52,53,24,31,43,48.51,150.77,-142.34,52.74,17.05,143.97,-6.52,2.82,-5.04,-1.83,-0.66,1.16,-8.38,1.87,6.10,0.47,-1.73,-0.41
53,54,26,24,34,44.27,152.34,-137.74,22.95,20.95,114.40,-6.52,3.10,-5.92,-1.83,-0.18,1.00,-4.08,3.44,8.99,-0.25,-0.93,0.98
53,55,30,4,12,45.40,156.43,-137.89,50.37,31.08,144.65,-7.57,2.98,-6.84,-1.39,-0.17,0.71,-9.11,3.89,6.46,-0.65,0.05,-0.31
53,54,38,9,19,44.80,154.71,-137.68,43.00,17.98,134.44,-6.47,2.78,-5.89,-1.09,-0.06,0.37,-5.66,1.87,5.77,-0.64,0.34,-0.79
53,53,30,2,18,50.27,152.07,-143.71,37.95,12.72,128.64,-7.10,2.77,-5.22,-0.52,0.12,-0.16,-5.78,1.63,7.24,-0.76,1.16,-0.59
53,52,34,-18,7,52.24,152.13,-145.60,22.65,7.82,112.84,-6.50,2.35,-4.45,0.17,0.42,-0.75,-3.32,1.08,7.88,-1.25,1.25,0.00
53,51,40,6,-4,47.31,151.99,-140.84,53.88,25.23,146.57,-6.36,2.76,-5.18,0.58,1.22,-1.61,-5.97,1.86,3.94,-1.37,1.78,0.50
52,50,36,4,12,36.22,168.58,-126.76,52.73,15.34,143.73,-4.92,1.33,-6.58,0.67,1.47,-1.60,-7.01,1.41,5.14,-1.18,2.01,0.19
53,49,30,27,-7,56.33,129.89,-156.87,43.75,8.89,134.10,-7.13,3.65,-3.05,0.79,1.55,-1.41,-5.92,0.96,6.11,-1.37,1.87,0.42
57,49,26,4,-7,63.13,107.93,-171.13,28.64,11.47,119.13,-10.84,5.22,-1.69,-0.05,2.09,-1.98,-4.66,1.70,8.36,-2.13,1.96,1.00
59,50,26,31,0,49.19,138.56,-147.08,57.15,27.23,150.14,-7.25,4.14,-4.70,-0.11,2.15,-3.61,-7.28,2.15,4.18,-2.21,1.90,1.47
57,52,22,29,19,29.64,167.59,-120.23,65.55,44.09,161.91,-4.51,1.70,-7.75,-0.64,1.80,-3.26,-9.60,3.04,3.14,-2.35,2.20,1.52
54,52,2,31,19,26.77,176.63,-116.81,76.09,85.47,178.88,-4.75,0.55,-9.40,-0.84,1.52,-2.84,-10.64,2.63,0.21,-2.22,1.72,1.35
52,53,6,24,31,18.15,-175.87,-108.20,70.84,69.65,173.11,-3.32,-0.73,-10.09,-1.13,1.36,-2.44,-10.42,3.39,1.26,-2.11,1.58,1.26
49,53,12,27,34,13.92,-170.67,-104.10,77.15,103.92,-176.86,-3.03,-1.98,-12.06,-1.00,0.82,-1.82,-11.52,2.55,-0.63,-1.95,1.41,0.88
45,53,18,47,30,12.67,-169.08,-102.89,76.84,127.05,-171.98,-2.74,-2.31,-11.98,-0.41,0.44,-1.11,-10.95,2.04,-1.54,-1.11,0.91,0.80
41,53,0,38,27,12.88,-165.30,-103.30,76.77,111.97,-174.98,-2.92,-3.24,-12.34,0.16,0.26,-0.43,-11.77,2.56,-1.03,-0.27,0.59,0.68
39,54,20,22,25,20.79,-167.74,-111.23,72.66,80.07,176.92,-4.32,-2.42,-11.12,0.28,0.23,-0.10,-11.83,3.64,0.64,-0.10,0.61,0.06
37,54,8,13,28,22.55,-166.87,-113.10,75.24,88.24,179.54,-5.01,-2.74,-11.74,0.43,0.30,-0.22,-10.93,2.88,0.09,0.03,0.55,-0.30
36,54,8,-2,27,22.96,-166.04,-113.58,77.94,99.87,-177.90,-5.00,-2.85,-11.45,0.79,0.22,-0.22,-10.99,2.31,-0.40,0.20,0.39,-0.52
35,53,24,-27,40,22.00,-166.59,-112.55,80.81,110.42,-176.77,-4.16,-2.39,-10.02,1.03,-0.02,-0.07,-10.57,1.60,-0.60,0.63,0.04,-0.68
35,52,26,-13,16,24.86,-167.55,-115.38,79.70,118.71,-175.01,-4.23,-1.97,-8.92,0.72,-0.42,0.44,-11.20,1.78,-0.98,0.95,-0.62,-0.48
33,51,30,4,27,24.42,-160.11,-115.78,76.22,151.71,-167.82,-5.01,-3.75,-10.38,0.18,-1.12,1.21,-13.95,1.62,-3.01,0.71,-1.64,-0.51
32,52,32,6,21,22.42,-164.32,-113.19,75.00,86.98,179.19,-4.90,-3.21,-11.43,0.21,-2.32,2.01,-10.52,2.82,0.15,0.98,-2.74,-1.33
34,52,34,4,15,27.87,-175.83,-117.94,75.49,69.91,174.92,-4.53,-0.62,-8.54,0.44,-2.31,2.13,-9.50,2.31,0.85,1.11,-2.73,-0.91
35,52,16,-9,-7,32.68,-170.42,-123.04,76.19,129.00,-171.21,-6.29,-1.63,-9.67,-0.05,-2.76,2.68,-13.11,2.50,-2.03,1.19,-4.08,-1.07
35,51,30,-27,12,29.12,-171.93,-119.36,62.92,161.62,-154.11,-5.56,-1.40,-9.88,-0.45,-5.14,4.22,-11.71,1.89,-5.68,1.61,-6.84,-1.40
37,52,22,-22,7,19.96,171.42,-110.17,27.39,119.35,-136.59,-2.40,0.98,-6.52,-0.10,-7.24,5.42,-1.55,2.61,-1.47,3.22,-8.73,-1.73
43,56,18,-29,12,36.33,108.58,-156.57,-8.57,34.86,79.59,-3.48,4.49,-1.51,-0.34,-5.92,4.98,1.50,5.70,8.18,3.31,-6.71,-1.04
47,58,6,-18,4,58.99,119.79,-163.37,13.29,34.83,106.06,-8.26,4.31,-2.47,-0.40,-4.72,4.03,-1.90,4.59,6.60,2.49,-5.91,-0.86
49,59,0,6,21,55.14,144.68,-150.39,18.85,39.76,113.95,-7.79,3.14,-4.43,0.11,-4.63,3.18,-2.58,4.83,5.81,2.71,-5.75,-1.28
52,64,10,15,27,46.07,117.63,-155.93,-10.29,27.01,78.48,-5.26,4.49,-2.35,1.05,-4.70,2.54,2.87,7.19,14.10,2.82,-5.85,-1.27
64,64,6,-2,40,2.58,58.41,94.91,-10.90,20.53,78.38,-0.65,12.36,7.60,-2.68,-0.05,1.80,2.69,4.91,13.10,-0.55,-1.95,0.52
65,64,12,9,48,48.49,82.74,173.62,-9.92,30.32,78.54,-6.53,5.73,0.73,-1.19,-0.71,1.15,1.69,4.87,8.33,0.15,-0.70,-0.66
66,63,22,31,63,43.96,80.34,170.12,-0.05,24.39,89.95,-5.69,5.82,0.99,-1.02,-1.97,0.62,0.01,3.75,8.27,-0.15,-1.17,-1.08
67,65,18,6,55,27.48,69.17,145.64,-17.77,22.82,70.82,-3.24,5.82,2.21,-0.22,-0.66,-0.17,4.14,5.01,11.92,-0.30,0.58,-1.00
68,65,0,-9,45,40.91,71.09,159.50,-21.28,26.70,66.44,-4.87,5.32,1.82,0.15,2.34,-2.15,4.29,4.95,9.84,-0.74,2.88,-1.57
67,64,6,6,27,34.65,85.44,173.43,-11.25,30.92,76.95,-3.16,4.56,0.36,0.47,3.55,-3.26,1.32,3.40,5.68,-1.06,3.90,-1.11
65,63,-6,2,15,52.08,113.62,-162.66,11.87,25.06,103.07,-5.35,3.82,-1.67,0.63,4.10,-3.41,-1.81,3.66,7.82,-0.47,3.77,-1.09
65,62,-18,-33,19,50.20,108.77,-164.99,10.35,21.68,101.12,-5.54,4.37,-1.49,1.07,3.11,-2.04,-1.96,3.96,9.97,-0.66,4.17,-0.82
65,59,-12,-27,13,62.85,120.20,-165.53,54.26,19.88,145.91,-9.22,4.09,-2.38,0.77,3.07,-1.74,-7.07,1.73,4.79,-0.86,4.23,-0.53
64,56,-8,-18,24,60.95,142.04,-156.35,70.36,6.96,160.49,-8.98,3.07,-3.93,0.40,2.43,-1.20,-10.12,0.44,3.59,-0.31,2.88,-0.25
63,54,-8,9,36,60.99,140.04,-156.97,64.77,12.05,155.26,-9.17,3.27,-3.90,0.02,2.02,-0.67,-10.83,1.07,4.99,0.30,1.33,0.08
62,56,-10,0,34,62.61,147.76,-156.33,44.49,22.55,136.77,-11.29,3.12,-4.95,-0.42,1.86,-0.38,-11.55,4.51,10.86,-0.56,0.50,-0.39
60,54,-14,22,30,61.09,149.72,-154.51,41.64,13.95,132.49,-10.76,3.00,-5.13,-0.49,1.15,-0.05,-7.02,1.90,7.66,-0.75,0.16,-0.27
59,53,-28,27,46,59.73,149.54,-153.29,47.79,14.11,138.66,-9.45,2.80,-4.75,-0.39,0.48,0.12,-8.00,1.77,7.04,-0.31,0.08,-0.02
58,53,-26,22,51,59.48,147.53,-153.55,46.29,17.40,137.63,-8.97,2.84,-4.46,-0.37,0.28,0.20,-7.56,2.16,6.90,-0.23,-0.23,-0.02
57,53,-8,-2,34,59.29,147.18,-153.47,44.63,18.19,136.10,-8.86,2.85,-4.42,-0.66,0.21,0.02,-7.21,2.28,6.94,-0.41,-0.50,-0.20
57,52,6,13,40,53.37,138.93,-150.73,36.15,13.50,126.92,-6.64,3.24,-3.72,-0.40,0.07,0.29,-5.81,1.86,7.73,-0.27,-0.32,-0.17
57,52,12,24,15,54.40,143.43,-150.10,40.40,19.87,132.15,-7.84,3.34,-4.51,-0.18,0.15,0.82,-7.40,2.95,8.17,0.06,0.09,-0.17
57,53,24,29,-1,59.11,140.58,-155.19,33.73,20.50,125.48,-9.98,3.79,-4.61,0.02,-0.21,0.90,-6.15,3.22,8.63,0.67,0.23,-0.71
59,55,26,38,-10,59.72,130.31,-159.31,15.06,19.40,105.92,-9.63,4.29,-3.64,0.52,-0.04,0.27,-3.48,4.30,12.21,0.68,0.94,-0.81
60,57,6,51,-10,60.59,120.84,-163.88,3.44,17.24,93.61,-8.29,4.01,-2.39,1.84,0.02,-0.08,-0.95,4.66,15.01,-1.45,1.45,-0.41
63,57,-6,51,-40,58.60,103.90,-171.66,7.95,21.96,98.56,-10.30,6.10,-1.51,3.65,1.21,-1.11,-1.38,3.69,9.16,-2.66,1.84,0.26
70,57,0,49,-19,36.66,64.58,150.02,26.08,31.43,119.84,-8.92,10.82,5.14,2.22,1.55,-3.03,-3.52,3.75,6.14,-3.03,2.19,0.82
71,57,24,22,-13,39.29,85.60,174.65,34.74,30.94,128.95,-5.72,6.98,0.54,-0.75,2.41,-4.80,-4.68,3.47,5.79,-3.61,2.69,0.69
68,56,34,27,-13,28.61,160.64,-120.03,54.63,38.22,150.85,-3.41,2.07,-5.90,-1.43,2.56,-5.18,-4.67,2.05,2.60,-3.88,3.16,1.13
63,54,44,2,-4,18.43,176.23,-108.47,75.57,88.91,179.72,-2.45,0.48,-7.33,-1.08,2.18,-4.85,-6.86,1.76,0.03,-3.83,3.28,1.62
59,54,66,2,22,9.99,-175.99,-100.02,76.84,121.75,-172.98,-1.43,-0.57,-8.12,-1.19,1.84,-4.05,-10.14,2.02,-1.25,-3.85,2.62,2.08
52,52,64,11,31,12.32,-162.45,-102.90,77.68,161.48,-168.30,-2.29,-3.17,-10.02,-1.52,0.72,-2.98,-11.18,0.78,-2.32,-4.17,1.63,1.97
46,50,32,9,24,6.85,-153.92,-97.62,75.54,-170.75,-165.72,-1.20,-4.41,-9.00,-2.01,0.14,-1.81,-12.36,-0.51,-3.15,-2.86,1.05,2.08
39,49,26,0,24,9.63,-149.10,-101.18,89.87,59.04,179.93,-2.16,-6.55,-10.95,-2.30,0.43,-0.90,-12.06,0.02,0.01,-1.74,0.74,1.32
35,49,24,6,24,23.56,-156.31,-115.47,74.29,32.46,166.65,-5.09,-4.69,-10.69,-1.72,0.80,-0.53,-10.26,1.55,2.43,-1.46,1.09,0.81
35,50,2,38,25,35.02,-171.88,-125.29,65.52,31.00,158.68,-6.19,-1.25,-8.74,-1.79,1.46,-1.16,-9.53,2.23,3.72,-1.85,1.95,0.53
33,49,-18,20,12,27.81,-163.98,-118.75,85.50,104.22,-178.89,-6.83,-3.57,-12.45,-1.39,1.74,-1.61,-11.65,0.89,-0.23,-1.65,2.02,0.83
32,49,-16,45,15,26.71,-161.85,-117.90,83.15,126.13,-175.95,-6.27,-3.88,-11.84,-0.94,0.88,-1.13,-14.81,1.44,-1.05,-1.20,1.23,0.57
32,50,-20,42,15,33.68,-167.15,-124.35,77.88,49.12,172.00,-7.20,-2.40,-10.54,-1.12,0.09,-0.81,-13.49,2.19,1.90,-1.46,0.83,-0.15
32,49,6,47,4,30.65,-166.13,-121.40,83.47,34.18,174.59,-6.94,-2.81,-11.37,-1.03,-0.05,-1.03,-10.80,0.69,1.02,-1.65,0.69,-0.51
31,49,20,4,-9,24.99,-162.68,-116.02,79.86,39.84,172.18,-5.83,-3.72,-11.93,-0.24,0.27,-1.23,-11.78,1.35,1.62,-1.11,0.77,-0.49
31,48,58,18,18,30.22,-167.57,-120.81,84.74,60.13,177.38,-6.84,-2.53,-11.47,0.25,0.29,-1.46,-11.50,0.92,0.53,-1.58,1.06,-1.13
30,49,56,27,7,28.79,-165.19,-119.62,81.53,82.40,178.87,-7.20,-3.35,-12.67,0.65,0.30,-1.60,-13.97,2.06,0.28,-1.14,1.02,-1.44
28,48,64,36,16,26.41,-161.95,-117.58,75.76,-164.68,-166.24,-6.88,-4.29,-13.17,1.27,-0.37,-1.76,-11.31,-0.76,-2.77,-0.97,0.36,-1.95
25,47,32,29,30,12.54,-155.26,-103.76,87.26,-126.05,-178.39,-2.71,-5.09,-11.06,1.98,-0.62,-1.31,-11.15,-0.43,-0.31,-0.08,0.16,-2.17
23,45,-18,27,43,16.13,-154.69,-107.74,77.28,-89.84,179.96,-3.51,-5.20,-10.98,2.74,-0.72,-0.95,-7.57,-1.71,0.00,-0.23,0.33,-2.52
26,42,-30,20,19,36.59,-166.30,-127.38,75.23,-103.90,-176.38,-3.79,-1.21,-4.96,2.75,-0.69,-0.52,-8.32,-2.13,-0.53,0.09,0.48,-1.99
27,41,-26,11,36,38.65,-155.83,-131.24,78.58,-61.75,174.54,-4.17,-2.13,-4.75,1.64,-0.55,-0.50,-8.81,-1.57,0.84,0.30,0.12,-1.84
27,40,-24,-9,12,41.36,-151.36,-135.09,67.26,-34.44,160.93,-5.59,-3.04,-5.57,1.27,-0.85,-0.41,-7.29,-1.73,2.52,0.08,0.09,-1.80
28,38,-6,-2,3,47.13,-154.23,-140.11,55.95,-35.50,151.19,-5.68,-2.29,-4.75,1.22,-0.71,-0.72,-5.41,-2.12,2.97,-0.38,0.18,-1.30
31,37,38,13,4,71.30,-171.01,-161.51,60.99,-44.61,158.46,-4.62,-0.24,-1.54,0.53,-0.43,-1.04,-5.81,-2.26,2.29,-0.95,0.38,-0.62
32,37,48,20,-6,57.24,-158.37,-149.11,73.43,-49.86,169.14,-5.39,-1.28,-3.22,-1.00,-0.34,-1.24,-7.86,-1.79,1.51,-1.47,0.27,-0.04
31,36,50,13,-9,37.33,-151.50,-130.95,71.49,-72.84,174.36,-4.99,-3.12,-5.75,-1.49,-0.65,-1.40,-7.10,-2.27,0.70,-1.92,-0.08,0.15
30,36,26,33,6,29.50,-146.87,-124.04,72.61,-58.93,170.82,-4.09,-3.96,-6.06,-1.54,-0.60,-1.58,-7.32,-1.96,1.18,-2.14,0.10,0.23
29,35,2,38,-4,31.72,-151.16,-125.21,74.15,-118.71,-172.23,-4.07,-3.17,-5.77,-1.92,-0.39,-1.55,-9.66,-2.40,-1.32,-2.33,0.20,0.58
26,33,-16,13,-10,19.56,-147.81,-112.78,65.32,-126.45,-164.73,-3.92,-5.88,-9.33,-2.15,-0.72,-1.42,-9.29,-3.44,-2.54,-2.07,-0.53,0.55
21,33,-10,4,4,9.29,-140.93,-101.89,69.77,-124.04,-168.34,-2.07,-7.98,-9.83,-1.44,-0.58,-0.86,-9.64,-2.94,-1.99,-1.48,-0.53,0.59
15,32,-2,11,6,8.50,-139.56,-101.11,58.49,-140.90,-154.55,-2.08,-9.03,-10.59,-0.75,-0.27,-0.46,-10.00,-3.87,-4.76,-0.71,-0.61,0.34
12,28,8,11,6,8.62,-137.99,-101.52,52.42,-144.76,-147.85,-1.83,-8.09,-8.98,-0.17,-1.27,0.88,-11.45,-5.09,-7.20,0.20,-1.64,0.26
11,30,10,31,28,19.28,-139.88,-114.58,78.36,-136.36,-171.52,-3.52,-6.48,-7.69,-0.11,-2.20,2.24,-10.76,-1.53,-1.60,1.48,-3.06,-0.38
13,29,28,65,36,21.34,-143.05,-116.05,59.99,-88.21,178.96,-3.17,-4.88,-6.49,0.07,-2.05,2.26,-5.43,-3.13,0.10,1.28,-2.92,0.03
12,25,18,67,28,0.77,-135.09,-91.08,42.06,-130.47,-144.28,-0.13,-6.68,-6.70,0.18,-1.41,3.23,-7.43,-6.26,-5.34,1.95,-3.44,1.15
12,27,2,67,33,5.95,-140.58,-97.68,62.55,-165.75,-153.27,-0.97,-5.89,-7.17,0.24,-1.76,5.47,-11.25,-1.44,-5.66,4.43,-5.24,1.18
18,38,12,49,43,51.64,177.95,-141.66,23.90,37.72,119.26,-7.61,0.22,-6.02,0.23,-2.77,5.60,-5.26,7.26,9.39,3.23,-4.87,-1.21
24,39,32,51,15,47.67,169.16,-138.18,77.81,-31.48,169.56,-6.60,1.13,-5.90,0.50,-2.85,4.40,-4.39,-0.50,0.81,2.53,-3.94,-0.26
27,39,38,36,4,26.64,-166.78,-117.27,72.80,-122.53,-170.55,-3.21,-1.46,-6.22,0.80,-2.28,4.67,-5.52,-1.44,-0.92,3.66,-4.79,0.41
30,46,32,38,10,2.01,-177.61,-92.01,37.07,53.25,141.62,-0.27,-0.32,-7.58,1.67,-2.28,5.90,-6.00,6.36,4.75,5.00,-5.23,0.12
36,52,76,29,16,31.25,158.75,-123.07,38.82,49.00,140.81,-5.07,3.03,-7.78,2.10,-2.75,6.40,-7.25,6.80,5.91,2.69,-4.75,-1.37
42,53,56,36,7,25.80,136.55,-123.67,51.47,107.77,-166.34,-3.49,4.96,-5.23,2.38,-3.06,6.12,-4.79,3.63,-1.16,3.81,-4.93,-1.53
47,59,38,6,31,12.22,146.81,-104.51,26.70,80.12,161.16,-1.96,4.96,-7.58,2.36,-2.71,6.15,-3.83,7.50,1.31,5.50,-5.56,-2.23
54,68,30,9,40,-1.24,134.27,-88.23,3.63,63.41,98.07,0.23,7.45,-7.26,3.21,-2.71,6.51,-0.79,11.12,5.57,6.21,-5.46,-2.32
63,78,44,-6,34,11.30,120.29,-111.62,12.32,65.18,117.49,-2.48,10.72,-6.26,2.87,-2.78,6.38,-3.35,13.92,6.44,5.45,-4.45,-3.16
74,87,8,-2,33,13.07,122.05,-113.63,-9.76,50.25,74.94,-3.62,13.23,-8.28,3.03,-2.51,5.08,3.20,14.29,11.88,5.12,-3.38,-4.11
85,88,32,-2,27,4.66,95.89,-128.50,-23.27,37.88,61.42,-1.29,15.68,-1.62,4.57,-1.64,3.90,6.36,9.08,11.67,4.56,-2.77,-2.52
96,89,28,11,27,7.63,75.36,117.94,-1.51,52.22,87.54,-2.36,17.04,4.45,2.83,-0.57,3.66,0.30,9.07,7.03,3.43,-2.32,-0.57
99,91,54,0,30,17.45,100.90,-148.98,11.41,61.52,112.94,-4.09,12.77,-2.46,0.30,-1.30,3.63,-2.46,10.73,5.82,2.80,-3.38,-0.87
100,91,38,11,34,7.67,107.89,-113.67,-18.29,58.11,57.97,-1.57,11.08,-3.58,0.23,-2.55,3.93,3.64,9.34,5.81,2.34,-4.02,-0.39
101,91,-2,-4,31,2.96,97.04,-112.86,-10.70,65.01,65.90,-0.61,11.64,-1.44,-0.18,-2.44,3.97,1.95,9.37,4.37,1.94,-4.28,0.43
99,93,-6,2,39,-1.27,113.53,-86.82,-5.35,80.38,60.73,0.24,9.80,-4.27,-0.74,-2.62,4.02,0.96,10.15,1.72,2.00,-4.84,0.45
97,94,0,-6,37,-16.61,117.97,-57.54,-20.07,78.63,28.36,3.01,8.92,-4.74,-0.53,-3.04,4.27,3.83,10.27,2.07,2.34,-5.00,0.20
96,95,-24,-11,40,-22.15,107.78,-36.86,-25.30,79.77,20.59,4.18,9.78,-3.14,-0.25,-2.56,4.45,4.83,10.06,1.81,2.42,-4.55,0.51
97,97,-6,-6,60,-7.41,106.89,-65.90,-19.98,70.66,42.32,1.39,10.26,-3.11,-0.38,-1.89,3.92,4.31,11.20,3.93,2.19,-3.67,0.73
95,100,40,13,49,-0.49,120.71,-89.05,-5.95,73.43,69.93,0.09,8.74,-5.19,-0.52,-1.55,2.79,1.31,12.07,3.59,1.24,-3.04,0.40
92,101,34,6,43,-3.28,130.96,-85.00,-11.80,76.08,49.03,0.59,7.82,-6.79,-0.23,-1.52,1.53,2.50,11.60,2.88,0.38,-2.06,-0.32
90,101,56,2,34,-18.17,128.17,-62.03,-17.94,74.66,39.26,3.21,7.69,-6.04,0.30,-1.08,0.37,3.55,10.58,2.90,-0.00,-0.98,-0.44
90,101,58,0,31,-18.35,119.46,-56.00,-19.92,70.46,42.70,3.14,8.23,-4.65,0.61,-0.08,-0.75,4.06,10.55,3.74,-0.53,0.75,-0.48
90,101,50,2,4,-18.31,121.17,-57.41,-20.83,74.56,34.97,3.16,8.17,-4.94,0.66,1.14,-2.20,4.16,10.53,2.91,-1.05,2.46,-0.52
88,99,8,6,15,-21.12,128.02,-57.91,-15.52,87.09,10.34,3.63,7.41,-5.79,0.96,2.09,-3.02,2.74,9.86,0.50,-1.24,3.55,-0.52
87,98,36,9,19,-18.97,126.48,-59.97,-7.14,92.43,-18.68,3.33,7.79,-5.76,1.11,2.31,-3.01,1.19,9.49,-0.40,-0.91,3.64,-0.62
88,97,12,11,22,-15.41,116.68,-58.45,-16.68,75.51,39.86,2.84,9.22,-4.63,1.15,2.25,-2.92,2.93,9.46,2.44,-0.69,3.74,-0.64
90,96,4,20,16,-11.57,107.82,-56.22,-15.54,75.75,41.52,2.32,10.80,-3.47,0.75,2.98,-3.22,2.77,9.67,2.46,-0.56,4.07,-0.04
91,95,-2,-4,16,-5.28,119.82,-79.47,-5.85,78.28,63.22,0.98,9.19,-5.27,0.27,3.49,-3.36,1.04,9.90,2.05,-0.58,4.05,0.45
90,95,34,-9,18,-3.64,125.44,-83.74,1.70,83.07,103.80,0.62,8.01,-5.70,-0.01,3.09,-3.18,-0.27,9.14,1.11,-0.71,3.83,0.79
87,94,20,13,7,-7.94,131.94,-78.21,8.73,82.63,140.12,1.27,6.79,-6.10,-0.33,2.77,-2.81,-1.35,8.74,1.13,-0.59,3.57,0.95
84,93,14,22,7,-4.23,146.82,-84.95,17.15,79.53,149.50,0.70,5.19,-7.94,-0.37,2.69,-2.24,-2.82,8.99,1.66,-0.37,3.39,0.72
80,93,42,33,4,3.88,152.43,-94.37,22.83,77.91,153.56,-0.70,4.79,-9.17,0.06,2.45,-1.46,-3.94,9.16,1.96,-0.14,2.97,0.26
78,92,36,42,9,12.09,146.75,-104.37,26.20,74.74,151.86,-2.21,5.66,-8.64,0.53,1.79,-0.60,-4.51,8.85,2.41,0.27,2.09,-0.20
78,92,48,51,-1,16.29,137.74,-111.55,19.91,68.55,134.73,-2.98,6.86,-7.55,0.73,1.05,0.01,-3.75,9.63,3.79,0.65,1.15,-0.72
80,93,36,24,28,16.32,129.93,-114.52,8.17,62.90,107.49,-3.28,8.60,-7.20,1.03,0.57,0.23,-1.64,10.14,5.19,0.73,0.49,-1.17
84,93,38,-20,45,16.11,113.15,-126.31,-5.42,57.20,80.07,-3.37,10.73,-4.59,1.40,0.28,0.13,1.10,9.74,6.28,0.75,-0.06,-1.04
89,93,10,-31,42,10.04,99.21,-137.91,-9.44,56.30,73.32,-2.18,12.14,-1.97,0.88,0.13,-0.21,1.88,9.42,6.28,0.47,-0.22,-0.58
93,93,10,-9,39,4.55,94.80,-133.54,-20.94,50.79,58.82,-0.96,12.06,-1.01,0.11,0.34,-0.54,4.55,9.22,7.52,0.05,0.36,-0.04
95,93,-2,-11,40,3.08,94.97,-121.83,-20.70,52.58,58.13,-0.65,11.98,-1.04,-0.66,1.10,-1.00,4.62,9.71,7.43,-0.72,1.58,0.87
96,93,2,-6,31,5.95,111.16,-106.11,-7.77,64.31,72.52,-1.14,10.19,-3.95,-1.13,1.59,-1.38,1.47,9.72,4.68,-0.99,1.91,1.26
95,93,20,18,22,7.71,116.73,-106.75,-1.04,67.84,87.24,-1.43,9.45,-4.76,-1.19,1.30,-1.21,0.19,9.74,3.97,-0.97,1.56,1.28
96,93,26,13,39,4.39,108.43,-103.64,-10.17,64.07,67.69,-0.83,10.24,-3.41,-1.36,0.85,-0.99,1.88,9.42,4.58,-0.93,1.13,1.26
97,93,30,0,39,1.18,107.07,-94.01,-13.34,63.30,62.18,-0.23,10.79,-3.31,-1.58,0.79,-0.89,2.61,9.83,4.94,-0.85,1.07,1.31
98,93,50,-11,45,-0.49,101.69,-87.61,-17.78,61.86,55.78,0.10,11.63,-2.41,-1.72,0.89,-0.70,3.47,9.54,5.10,-0.76,1.04,1.66
100,93,52,-18,28,5.79,103.23,-113.90,-14.32,63.52,60.21,-1.26,12.06,-2.84,-2.04,0.98,-0.51,2.73,9.56,4.76,-0.76,0.61,2.13
102,93,30,-4,22,5.22,104.19,-110.43,-15.69,62.69,58.53,-1.14,12.07,-3.05,-2.34,0.67,-0.31,2.91,9.22,4.76,-0.55,0.13,2.87
101,94,30,0,21,2.25,108.72,-96.99,-7.98,63.15,72.75,-0.45,10.78,-3.65,-2.89,0.51,-0.03,1.60,10.17,5.15,-0.37,0.17,3.24
99,94,32,0,37,6.11,119.22,-102.38,-3.60,63.25,82.03,-1.14,9.31,-5.20,-3.10,0.62,0.37,0.70,9.98,5.03,-0.32,0.40,2.85
98,94,14,-11,34,12.19,111.85,-120.14,-12.56,55.65,68.46,-2.27,9.74,-3.90,-2.98,0.78,0.27,2.47,9.16,6.26,-0.32,0.64,2.70
95,94,6,6,37,14.95,125.13,-114.89,-5.85,57.69,79.15,-2.53,7.76,-5.46,-2.66,1.36,-0.22,1.18,9.73,6.16,-0.48,1.16,2.74
90,94,16,-9,42,15.97,144.64,-109.34,1.67,58.44,93.19,-2.53,5.11,-7.20,-1.58,1.60,-0.59,-0.33,9.66,5.93,-0.37,1.71,1.79
86,93,22,4,22,25.42,138.96,-122.21,7.41,62.89,105.94,-3.85,5.32,-6.11,-0.51,1.60,-0.83,-1.28,8.75,4.48,-0.38,2.00,0.78
84,93,12,0,12,29.77,130.79,-131.21,11.75,63.78,115.21,-4.59,6.07,-5.24,0.07,1.03,-0.83,-2.09,9.01,4.44,-0.57,1.55,-0.09
85,91,16,-2,16,24.22,113.17,-138.82,3.19,62.41,96.86,-3.92,8.01,-3.43,0.29,-0.00,-0.57,-0.47,7.50,3.92,-0.62,0.51,-0.45
84,89,14,4,22,17.31,111.66,-130.18,-0.23,61.45,89.51,-2.54,7.56,-3.00,0.23,-0.68,-0.16,0.04,7.74,4.21,-0.43,-0.45,-0.63
85,88,24,6,19,8.86,104.44,-122.03,-15.84,53.01,64.75,-1.40,8.67,-2.23,0.47,-0.97,0.21,2.74,7.70,5.80,-0.14,-0.85,-0.74
88,88,28,15,10,16.91,94.05,-166.92,-16.32,52.21,64.46,-3.28,10.75,-0.76,0.38,-1.06,0.35,3.30,8.91,6.91,-0.39,-0.79,-0.71
92,88,34,20,21,10.65,85.10,155.57,-25.15,47.60,55.14,-2.28,12.07,1.03,-0.11,-1.14,-0.11,5.13,8.07,7.37,-0.72,-0.79,-0.35
93,87,28,27,13,7.99,90.11,-179.23,-20.83,49.15,59.81,-1.42,10.09,-0.02,-0.52,-0.76,-0.21,3.89,7.72,6.68,-0.85,-0.48,0.06
92,87,46,29,10,17.21,98.67,-154.04,-15.41,49.41,67.04,-2.81,8.98,-1.37,-0.45,-0.86,-0.12,3.02,8.31,7.12,-0.85,-0.47,-0.20
93,87,28,11,19,19.89,92.04,-174.39,-13.23,48.98,70.30,-3.75,10.37,-0.37,-0.49,-0.97,-0.20,2.66,8.54,7.43,-1.16,-0.44,-0.41
93,87,26,-9,30,20.34,97.34,-160.98,-11.68,50.34,72.06,-3.68,9.83,-1.27,-0.57,-1.20,-0.35,2.23,8.30,6.88,-1.27,-0.70,-0.52
93,87,24,-18,18,22.52,101.34,-154.62,-10.46,50.62,73.78,-4.06,9.61,-1.93,-0.34,-1.72,-0.14,1.96,8.20,6.73,-1.20,-1.36,-0.80
94,86,24,-9,24,18.83,94.33,-167.50,-14.25,48.29,69.11,-3.59,10.49,-0.79,-0.19,-2.27,-0.01,2.67,7.86,7.01,-1.21,-1.92,-0.74
94,86,28,-20,27,18.63,95.64,-163.76,-10.11,50.71,74.27,-3.34,9.87,-0.97,-0.43,-2.51,0.23,1.93,8.39,6.86,-1.32,-2.22,-0.63
94,86,28,0,21,17.95,101.49,-148.41,-14.91,52.23,66.51,-3.07,9.29,-1.89,-0.40,-3.01,0.28,2.82,8.37,6.48,-1.58,-2.54,-1.01
95,86,24,36,22,14.95,95.85,-159.13,-18.55,51.54,61.66,-2.84,10.59,-1.08,-0.18,-3.16,0.25,3.74,8.72,6.93,-1.58,-2.75,-1.14
97,86,24,51,22,10.90,90.74,-176.15,-25.54,54.47,50.56,-2.28,11.82,-0.15,-0.37,-3.42,-0.23,5.09,8.67,6.19,-1.74,-2.97,-1.24
97,85,16,54,28,-6.73,90.03,-0.21,-36.53,52.18,39.61,1.28,10.84,-0.00,-0.45,-3.33,-0.43,7.02,7.48,5.81,-1.61,-2.89,-1.06
97,84,-12,47,33,-10.45,82.56,35.07,-37.68,50.85,39.26,1.99,10.71,1.40,-0.51,-2.67,-0.14,7.02,7.05,5.74,-1.61,-2.26,-0.48
96,84,-18,72,28,-4.22,87.20,33.47,-32.23,56.65,41.09,0.71,9.55,0.47,-0.77,-2.23,-0.12,5.42,7.18,4.73,-1.60,-1.97,-0.26
95,84,-22,38,28,1.99,88.94,151.99,-31.17,59.59,39.92,-0.34,9.73,0.18,-0.73,-2.44,-0.04,5.21,7.43,4.36,-1.58,-2.13,-0.43
95,81,-22,29,25,-9.19,79.98,47.10,-44.53,55.75,29.77,1.61,9.78,1.73,-0.92,-2.68,-0.09,7.00,5.88,4.00,-1.51,-2.29,-0.26
94,79,-16,-24,21,-20.85,76.61,31.30,-48.55,52.99,27.99,3.38,8.63,2.05,-1.01,-2.20,-0.05,7.81,5.51,4.15,-1.28,-1.89,0.08
93,77,-2,-27,16,-18.98,77.75,31.67,-46.24,50.36,31.42,2.85,8.09,1.76,-0.82,-1.47,0.11,7.56,5.58,4.62,-0.98,-1.41,0.11
93,76,6,-54,4,-6.43,71.26,70.65,-44.31,45.08,35.87,1.15,9.67,3.28,-0.79,-1.02,0.06,7.84,5.68,5.67,-1.02,-0.88,0.28
93,75,-4,-51,10,-4.96,70.80,75.23,-42.62,41.67,39.06,0.86,9.39,3.27,-0.99,-0.58,-0.27,7.60,5.49,6.17,-1.14,-0.37,0.53
92,74,0,-47,9,-2.76,73.82,80.17,-39.80,43.49,41.05,0.40,8.01,2.32,-0.98,-0.26,-0.42,6.19,5.11,5.39,-1.09,-0.05,0.52
90,72,4,6,4,-1.59,73.95,84.26,-40.87,44.36,39.57,0.21,7.12,2.05,-0.84,-0.20,-0.46,5.64,4.55,4.66,-0.92,-0.06,0.42
87,71,24,20,1,-3.28,73.29,78.73,-41.34,43.68,39.42,0.41,6.88,2.07,-0.61,-0.20,-0.38,5.68,4.46,4.67,-0.74,-0.07,0.20
86,70,22,29,7,-0.28,69.96,89.18,-40.91,40.71,41.17,0.04,7.77,2.83,-0.49,-0.27,-0.21,6.13,4.61,5.36,-0.65,-0.14,0.13
86,69,38,31,9,0.95,67.81,92.50,-42.08,39.25,40.62,-0.15,8.19,3.34,-0.53,-0.31,-0.21,6.51,4.56,5.58,-0.65,-0.19,0.19
85,68,46,45,18,-1.14,69.01,86.82,-42.58,39.06,40.19,0.17,7.86,3.02,-0.50,-0.27,-0.21,6.67,4.57,5.63,-0.59,-0.17,0.15
84,67,22,27,25,-0.85,66.94,87.84,-43.36,39.52,39.24,0.13,7.88,3.36,-0.40,-0.24,-0.20,6.67,4.49,5.44,-0.53,-0.16,0.11
84,67,-2,24,24,-3.11,65.79,82.45,-45.27,38.01,37.97,0.46,7.67,3.45,-0.29,-0.18,-0.21,7.05,4.30,5.50,-0.47,-0.10,0.05
84,65,10,11,24,-2.50,63.37,84.43,-46.68,36.04,37.33,0.38,7.83,3.93,-0.21,-0.17,-0.19,7.20,4.00,5.49,-0.46,-0.01,0.03
84,64,0,11,36,-4.50,61.53,80.63,-48.51,34.57,36.06,0.67,7.46,4.05,-0.24,-0.06,-0.22,7.27,3.65,5.29,-0.41,0.07,0.07
84,63,8,-11,36,-3.50,61.24,82.75,-47.81,33.46,37.10,0.50,7.10,3.90,-0.13,0.04,-0.19,7.16,3.58,5.42,-0.33,0.11,0.02
84,62,30,-4,31,-1.85,59.41,86.36,-46.98,29.39,39.11,0.28,7.39,4.37,0.02,0.13,-0.11,7.40,3.39,6.01,-0.21,0.19,-0.05
85,61,36,-4,45,2.99,56.65,95.42,-46.49,25.56,40.57,-0.52,8.39,5.52,-0.02,0.16,-0.08,7.78,3.19,6.66,-0.19,0.20,0.03
84,60,20,-6,49,2.98,55.94,95.31,-45.84,23.02,41.79,-0.49,7.85,5.31,-0.18,0.27,-0.15,7.59,2.88,6.79,-0.21,0.28,0.16
82,59,18,-9,22,4.32,56.31,97.75,-44.79,23.24,42.79,-0.63,6.94,4.63,-0.18,0.35,-0.12,6.77,2.69,6.27,-0.12,0.28,0.17
81,58,4,2,1,4.67,55.74,98.25,-44.13,23.15,43.47,-0.69,6.96,4.74,-0.11,0.28,-0.03,6.76,2.74,6.41,-0.03,0.26,0.11
81,58,4,20,7,9.57,58.25,107.76,-41.51,24.89,45.71,-1.50,7.59,4.70,-0.11,0.23,0.07,6.69,3.18,6.86,-0.06,0.16,0.11
82,57,-8,11,6,5.80,55.97,100.28,-44.08,21.47,43.86,-1.07,8.72,5.89,-0.27,0.10,0.05,7.83,2.96,7.52,-0.18,0.08,0.24
82,56,-4,13,-1,3.67,56.19,96.58,-45.10,22.89,42.55,-0.61,7.84,5.25,-0.46,0.32,-0.08,7.74,3.00,7.11,-0.20,0.23,0.44
81,56,-4,2,18,2.74,57.86,95.15,-45.33,25.66,41.70,-0.39,6.85,4.31,-0.35,0.48,-0.22,6.99,2.99,6.23,-0.18,0.43,0.36
80,56,8,9,30,-1.52,54.56,87.38,-49.10,23.27,38.51,0.22,6.84,4.87,-0.25,0.57,-0.20,7.25,2.48,5.77,-0.07,0.55,0.29
79,56,4,-6,19,-4.63,52.94,82.35,-51.07,21.90,36.85,0.63,6.18,4.67,-0.29,0.75,-0.21,7.11,2.14,5.33,0.03,0.68,0.33
76,54,2,-4,15,-14.93,50.41,67.30,-56.55,21.26,31.62,1.69,4.87,4.03,-0.16,1.03,-0.15,6.75,1.62,4.15,0.25,0.94,0.33
73,53,8,2,25,-23.73,53.56,53.49,-52.31,28.11,34.28,1.94,3.56,2.63,0.08,1.31,0.18,4.98,1.81,3.40,0.77,1.04,0.10
70,53,24,15,12,-21.90,67.13,44.04,-44.24,33.63,40.54,1.52,3.48,1.47,0.46,1.48,0.82,3.59,2.04,3.07,1.64,0.90,-0.45
68,54,12,-2,21,-3.73,106.47,-77.05,-32.77,37.85,50.81,0.24,3.52,-1.04,1.29,1.68,1.35,3.54,3.37,4.34,2.63,0.80,-1.03
69,57,6,9,31,13.35,112.95,-121.32,-20.88,43.23,62.36,-1.40,5.42,-2.29,2.69,1.79,1.65,2.97,5.33,5.67,3.28,0.75,-1.62
73,62,24,9,33,20.75,104.61,-146.35,-9.35,47.36,76.33,-3.21,8.19,-2.14,3.57,1.87,1.68,1.57,7.01,6.45,3.68,0.60,-2.19
78,67,26,11,37,21.95,100.99,-154.67,-6.16,50.08,80.45,-4.35,10.59,-2.06,3.74,1.49,1.73,1.20,8.54,7.15,3.47,0.29,-2.52
84,74,16,-4,52,24.10,101.15,-156.63,-4.26,51.83,83.13,-5.63,12.35,-2.43,3.57,0.60,1.94,1.05,11.12,8.74,3.14,-0.44,-2.79
91,80,-4,6,43,24.25,93.99,-171.21,-14.61,51.65,67.21,-6.63,14.68,-1.02,3.47,-0.55,1.58,3.90,11.74,9.29,1.88,-0.92,-2.87
102,85,-2,0,34,18.36,82.63,158.87,-26.76,51.61,50.92,-6.08,18.16,2.35,3.07,-1.30,0.55,7.57,11.76,9.32,0.89,-1.61,-2.48
110,89,-10,0,30,6.11,74.65,112.01,-31.93,50.01,45.88,-2.06,18.58,5.10,1.57,-1.59,-0.75,9.23,11.35,9.52,-0.19,-1.37,-1.54
113,91,0,-15,33,-3.65,77.16,73.96,-36.72,55.59,37.15,1.04,15.93,3.63,0.24,-0.93,-1.35,9.36,10.35,7.09,-1.05,-0.48,-0.59
112,91,10,-18,21,-10.37,85.13,24.89,-36.45,66.72,28.16,2.36,12.84,1.09,-0.46,-0.44,-1.44,7.35,9.14,3.93,-1.27,-0.01,0.02
109,90,22,-20,33,-19.78,90.96,-2.66,-33.54,72.74,24.12,3.86,10.74,-0.18,-0.64,-0.19,-0.82,5.74,8.27,2.57,-0.87,0.12,0.38
106,90,40,4,39,-16.53,94.51,-14.83,-31.17,73.14,25.62,2.97,9.96,-0.79,-0.62,-0.07,0.19,5.08,8.03,2.43,-0.19,-0.16,0.49
105,90,28,4,33,-7.72,90.76,-5.56,-31.70,65.26,34.12,1.38,10.15,-0.13,-0.55,0.01,0.73,5.51,8.10,3.73,0.34,-0.34,0.61
104,90,8,20,21,-1.60,88.36,45.70,-30.01,60.65,40.32,0.29,10.40,0.30,-0.64,0.26,0.69,5.53,8.35,4.70,0.36,-0.05,0.76
103,90,0,54,7,1.11,95.63,-101.20,-22.72,62.34,47.95,-0.20,10.05,-0.99,-0.79,0.58,0.51,4.10,8.67,4.54,0.32,0.18,0.88
101,91,-4,63,13,6.18,104.42,-113.52,-14.05,63.12,61.04,-1.05,9.42,-2.42,-0.74,0.62,0.61,2.58,9.18,4.65,0.35,0.15,0.79
99,91,-30,45,12,11.21,105.84,-125.97,-14.43,61.37,61.77,-1.98,9.60,-2.72,-0.51,0.33,0.64,2.77,9.45,5.16,0.37,-0.06,0.51
98,90,-34,33,21,12.08,98.37,-145.77,-16.81,56.14,61.53,-2.16,9.97,-1.47,-0.33,0.28,0.48,3.27,8.99,6.03,0.25,-0.03,0.44
97,90,-30,18,28,15.90,96.88,-157.18,-15.87,56.34,62.84,-2.81,9.80,-1.18,-0.42,0.23,0.19,2.98,8.72,5.81,-0.05,0.03,0.41
95,90,-32,2,40,14.82,98.94,-149.57,-15.34,56.15,63.78,-2.38,8.90,-1.40,-0.43,0.06,-0.07,2.69,8.13,5.45,-0.27,-0.00,0.32
94,90,-16,-13,40,13.95,102.69,-138.52,-13.80,60.10,63.76,-2.17,8.51,-1.92,-0.34,-0.16,-0.14,2.39,8.43,4.85,-0.35,-0.20,0.06
93,88,30,-20,16,5.41,95.12,-136.68,-25.96,59.02,46.59,-0.84,8.82,-0.79,-0.07,-0.39,-0.29,4.44,7.81,4.69,-0.42,-0.25,-0.24
92,87,48,-11,3,-3.99,86.96,37.22,-32.94,61.21,36.62,0.63,8.97,0.48,0.03,-0.17,-0.37,5.31,7.18,3.94,-0.37,-0.10,-0.25
92,86,48,13,-10,-6.09,86.65,28.68,-34.80,63.78,32.44,0.97,9.05,0.53,0.09,-0.10,-0.24,5.59,7.22,3.56,-0.20,-0.09,-0.29
92,84,66,15,-16,-10.26,82.92,34.25,-37.87,64.38,29.07,1.74,9.55,1.19,0.15,0.00,0.05,5.92,6.86,3.29,0.10,-0.17,-0.13
92,84,70,47,-34,-6.96,83.54,42.68,-35.16,62.96,32.84,1.20,9.77,1.11,0.07,0.02,0.56,5.69,7.20,3.68,0.44,-0.38,0.04
93,84,38,42,-22,-1.09,82.68,81.49,-34.42,59.00,36.92,0.20,10.21,1.31,-0.05,-0.05,0.85,6.13,7.66,4.60,0.46,-0.43,0.19
94,85,30,51,-12,1.63,85.09,108.43,-30.36,59.42,40.98,-0.29,10.20,0.88,-0.14,0.03,0.84,5.56,8.17,4.83,0.49,-0.41,0.28
95,86,42,18,-9,2.45,91.85,-142.93,-27.16,64.06,40.46,-0.44,10.28,-0.33,-0.10,-0.02,0.73,5.13,8.99,4.37,0.50,-0.48,0.18
96,86,28,13,12,-2.15,90.10,-2.76,-30.49,62.49,38.11,0.40,10.57,-0.02,0.06,0.04,0.67,5.84,8.80,4.58,0.51,-0.38,0.10
97,86,18,-20,21,-1.73,89.57,13.94,-27.12,64.27,40.29,0.33,10.87,0.08,-0.00,0.19,0.76,4.99,8.78,4.23,0.59,-0.34,0.22
97,87,22,-6,30,1.97,93.25,-121.32,-24.54,65.53,42.21,-0.38,10.89,-0.62,-0.12,0.02,0.92,4.64,9.25,4.21,0.64,-0.58,0.29
98,88,30,-24,22,3.42,91.86,-151.50,-26.47,63.56,41.81,-0.67,11.21,-0.36,-0.20,-0.12,0.85,5.30,9.54,4.74,0.52,-0.65,0.35
98,89,8,6,30,0.79,91.05,-126.76,-28.43,62.48,40.48,-0.15,10.80,-0.20,-0.30,0.03,0.50,5.56,9.10,4.74,0.27,-0.38,0.46
98,89,10,9,7,0.28,93.86,-94.17,-22.90,67.35,42.36,-0.05,10.22,-0.69,-0.45,0.20,0.36,4.07,8.90,3.71,0.11,-0.19,0.58
97,90,18,11,13,2.00,100.27,-101.07,-21.57,68.46,42.88,-0.34,9.73,-1.76,-0.51,-0.05,0.39,3.86,9.08,3.58,0.07,-0.44,0.49
96,90,14,6,18,0.20,94.57,-92.46,-26.47,65.36,39.94,-0.03,9.77,-0.78,-0.46,-0.16,0.33,4.68,8.54,3.92,-0.05,-0.42,0.49
95,90,24,11,25,1.85,93.56,-117.50,-26.42,64.71,40.69,-0.30,9.39,-0.58,-0.55,-0.08,0.08,4.46,8.12,3.84,-0.28,-0.23,0.55
94,88,16,-13,16,1.98,96.70,-106.49,-24.65,66.79,40.65,-0.29,8.39,-0.99,-0.65,-0.11,-0.12,3.69,7.39,3.17,-0.46,-0.18,0.57
92,86,6,-27,28,-2.33,98.60,-74.80,-23.46,69.64,38.72,0.30,7.28,-1.10,-0.63,-0.25,-0.05,2.98,6.44,2.39,-0.45,-0.34,0.65
89,84,-6,-15,19,-0.27,106.73,-89.05,-16.30,77.51,36.48,0.03,6.70,-2.01,-0.64,-0.57,0.17,2.05,6.84,1.52,-0.37,-0.82,0.48
86,82,-10,-22,16,-9.50,107.63,-61.08,-24.07,75.45,29.36,1.12,6.40,-2.03,-0.41,-0.91,0.35,3.10,6.71,1.74,-0.24,-1.06,0.23
84,82,-22,-11,9,-9.68,107.07,-59.83,-23.80,78.65,24.04,1.22,6.81,-2.09,-0.21,-0.90,0.36,3.35,7.46,1.50,-0.20,-1.08,-0.06
84,82,8,6,9,-15.40,101.59,-36.12,-32.61,77.92,18.12,2.03,7.21,-1.48,0.11,-0.83,0.21,4.75,7.27,1.56,-0.22,-0.87,-0.32
84,82,16,42,9,-15.81,94.66,-16.01,-33.68,80.39,14.07,2.25,7.93,-0.65,0.23,-0.61,0.03,5.02,7.42,1.26,-0.28,-0.60,-0.43
85,82,24,38,0,-17.32,93.41,-10.81,-37.64,82.06,10.16,2.60,8.31,-0.50,0.27,-0.51,-0.19,5.72,7.34,1.02,-0.37,-0.38,-0.48
86,82,28,31,-16,-20.52,91.46,-3.89,-37.63,81.64,10.68,3.17,8.47,-0.22,0.22,-0.31,-0.32,5.67,7.28,1.07,-0.37,-0.12,-0.40
86,82,4,38,-9,-20.60,94.52,-11.84,-34.32,86.90,4.53,3.05,8.09,-0.64,0.16,-0.13,-0.26,4.86,7.11,0.39,-0.30,0.02,-0.31
85,82,-10,42,-3,-21.50,100.33,-24.47,-30.44,88.07,3.28,3.06,7.65,-1.39,0.23,-0.17,-0.02,4.30,7.31,0.25,-0.07,-0.13,-0.38
86,82,-10,13,-4,-18.71,100.13,-27.45,-30.82,85.29,7.84,2.77,8.05,-1.44,0.41,-0.22,0.28,4.59,7.67,0.63,0.18,-0.32,-0.53
86,82,-10,40,7,-16.11,94.65,-15.69,-33.88,79.07,15.78,2.48,8.56,-0.70,0.53,-0.20,0.44,5.14,7.51,1.45,0.33,-0.32,-0.56
86,82,-26,56,22,-11.09,95.51,-26.07,-28.59,77.57,21.55,1.68,8.54,-0.82,0.48,-0.13,0.54,4.27,7.66,1.69,0.41,-0.32,-0.53
86,83,6,45,19,-6.08,103.31,-65.17,-20.85,77.73,29.16,0.92,8.42,-1.99,0.52,-0.29,0.77,3.30,8.48,1.84,0.55,-0.57,-0.63
86,85,8,33,27,-2.04,109.23,-83.82,-19.79,78.48,29.04,0.32,8.56,-2.99,0.73,-0.66,0.96,3.36,9.15,1.87,0.66,-1.07,-0.98
87,86,8,40,51,-3.66,96.70,-61.25,-28.27,68.69,34.05,0.62,9.66,-1.13,1.05,-0.87,1.01,4.97,8.61,3.36,0.63,-1.08,-1.03
88,87,8,11,52,3.02,97.29,-112.59,-20.85,71.44,39.90,-0.52,9.81,-1.25,0.82,-0.84,0.83,3.77,9.38,3.15,0.36,-1.06,-1.01
90,88,14,9,52,3.38,102.15,-105.66,-21.33,71.68,38.83,-0.61,10.07,-2.17,0.84,-1.11,0.56,4.02,9.79,3.24,0.06,-1.12,-1.12
92,90,10,4,55,2.06,100.74,-100.95,-20.33,73.59,37.33,-0.38,10.38,-1.97,0.78,-1.30,0.23,3.91,10.14,2.99,-0.27,-1.15,-1.18
93,91,38,-22,49,-2.39,101.70,-78.36,-23.24,75.72,29.87,0.44,10.27,-2.13,0.81,-1.42,-0.12,4.40,9.93,2.53,-0.57,-1.09,-1.25
94,93,22,-18,22,-6.97,103.55,-62.45,-22.49,80.15,22.45,1.33,10.57,-2.55,0.76,-1.47,-0.31,4.37,10.40,1.81,-0.71,-1.09,-1.34
95,94,18,-13,22,-11.03,101.85,-46.48,-25.75,80.62,18.68,2.17,10.88,-2.28,0.82,-1.50,-0.36,4.92,10.07,1.66,-0.76,-1.08,-1.30
97,95,30,-13,22,-8.70,98.74,-44.80,-22.52,81.13,20.40,1.73,11.18,-1.72,0.57,-1.41,-0.39,4.31,10.26,1.60,-0.90,-0.93,-1.12
97,96,48,4,39,-10.66,105.09,-54.13,-22.26,84.13,14.03,2.09,10.74,-2.90,0.53,-1.43,-0.49,4.29,10.43,1.07,-0.95,-0.95,-1.07
97,97,18,33,39,-12.90,103.60,-45.76,-23.29,83.75,14.20,2.58,10.96,-2.65,0.48,-1.48,-0.38,4.45,10.27,1.13,-0.90,-1.04,-1.02
97,97,36,27,49,-12.42,102.47,-44.41,-21.95,82.95,16.95,2.48,10.98,-2.43,0.31,-1.41,-0.23,4.16,10.25,1.27,-0.84,-1.06,-0.79
97,97,34,24,40,-11.39,105.28,-52.60,-21.03,83.95,15.34,2.24,10.72,-2.93,0.13,-1.43,-0.18,4.02,10.41,1.10,-0.82,-1.14,-0.65
97,97,28,-9,25,-13.57,104.76,-46.54,-23.24,83.73,14.28,2.69,10.77,-2.84,0.07,-1.38,-0.17,4.47,10.34,1.14,-0.81,-1.10,-0.55
97,97,10,-15,7,-13.79,101.74,-39.68,-24.03,83.17,14.93,2.74,10.93,-2.27,-0.07,-1.21,-0.14,4.54,10.12,1.21,-0.79,-0.96,-0.34
97,97,18,-15,4,-13.45,102.60,-42.36,-23.71,82.81,15.91,2.63,10.74,-2.40,-0.29,-1.07,-0.12,4.44,10.04,1.27,-0.78,-0.87,-0.11
97,96,14,-15,3,-12.90,103.12,-44.75,-22.78,82.67,16.90,2.47,10.52,-2.45,-0.48,-0.95,-0.10,4.18,9.86,1.27,-0.77,-0.80,0.11
97,95,6,-22,3,-13.15,103.37,-44.72,-22.41,81.93,18.81,2.42,10.09,-2.40,-0.64,-0.82,-0.07,3.94,9.47,1.34,-0.74,-0.69,0.31
96,95,0,27,13,-11.86,106.62,-53.70,-19.49,82.22,20.93,2.10,9.58,-2.86,-0.77,-0.68,-0.04,3.37,9.43,1.29,-0.69,-0.61,0.46
95,95,-18,24,18,-10.72,109.86,-60.86,-17.28,82.19,23.59,1.85,9.18,-3.32,-0.77,-0.61,0.04,2.97,9.45,1.30,-0.61,-0.61,0.49
94,95,-18,33,22,-11.01,110.39,-60.82,-17.45,82.06,23.72,1.87,9.00,-3.34,-0.73,-0.58,0.09,2.96,9.34,1.30,-0.52,-0.62,0.47
93,95,-32,42,27,-10.73,109.24,-60.10,-18.59,81.42,23.92,1.78,8.86,-3.09,-0.66,-0.50,0.10,3.12,9.17,1.38,-0.46,-0.54,0.42
92,95,-14,27,31,-11.78,107.95,-55.92,-20.21,80.42,24.32,1.93,8.79,-2.85,-0.59,-0.36,0.06,3.36,9.01,1.52,-0.40,-0.40,0.39
91,94,-6,-2,37,-11.42,107.59,-56.24,-19.44,80.19,25.78,1.89,8.90,-2.82,-0.53,-0.22,0.10,3.22,9.00,1.56,-0.30,-0.30,0.38
91,94,12,4,36,-8.50,106.48,-62.20,-19.32,80.00,26.34,1.41,9.07,-2.68,-0.48,-0.20,0.19,3.21,9.02,1.59,-0.21,-0.32,0.36
91,93,6,-6,52,-7.75,103.98,-60.61,-21.16,77.22,29.74,1.29,9.20,-2.29,-0.49,-0.17,0.20,3.57,9.00,2.04,-0.19,-0.28,0.39
91,92,22,-6,48,-8.48,105.05,-60.14,-21.68,77.25,29.03,1.39,9.01,-2.42,-0.49,-0.09,0.10,3.65,8.96,2.03,-0.22,-0.16,0.38
90,91,18,36,37,-10.17,107.28,-58.88,-19.44,79.39,27.55,1.62,8.60,-2.68,-0.42,0.03,0.07,3.15,8.77,1.64,-0.17,-0.06,0.34
90,90,20,40,30,-9.21,108.58,-63.03,-17.66,79.83,29.00,1.44,8.44,-2.84,-0.31,0.05,0.18,2.82,8.72,1.56,-0.03,-0.10,0.26
90,90,18,15,28,-7.19,106.96,-66.62,-19.47,77.34,31.80,1.13,8.57,-2.61,-0.19,0.01,0.29,3.16,8.73,1.96,0.07,-0.16,0.15
90,90,20,9,4,-6.05,103.96,-66.27,-20.85,75.99,32.45,0.97,8.92,-2.22,-0.12,0.04,0.29,3.48,8.87,2.21,0.10,-0.13,0.09
91,90,26,-4,-12,-7.16,103.39,-61.54,-21.59,74.74,33.63,1.17,9.07,-2.16,-0.06,0.09,0.26,3.64,8.87,2.42,0.14,-0.07,0.03
91,90,16,-29,10,-5.07,101.64,-66.24,-21.32,75.12,33.34,0.85,9.32,-1.92,-0.04,0.10,0.30,3.58,8.87,2.36,0.16,-0.08,0.02
91,91,22,-24,15,-4.27,101.69,-69.75,-21.90,74.13,34.24,0.72,9.45,-1.95,-0.03,0.03,0.32,3.80,9.09,2.59,0.17,-0.16,-0.02
91,91,30,-6,3,-5.22,98.66,-58.74,-25.12,73.47,31.25,0.91,9.84,-1.50,-0.00,0.02,0.27,4.46,9.12,2.71,0.14,-0.11,-0.04
93,91,24,-2,10,-6.92,97.47,-46.97,-25.77,73.60,30.32,1.24,10.15,-1.33,-0.04,0.12,0.21,4.67,9.27,2.73,0.12,-0.02,0.01
94,91,12,4,31,-5.73,96.42,-48.09,-25.70,74.31,29.34,1.03,10.20,-1.15,-0.08,0.17,0.21,4.55,9.11,2.56,0.10,-0.00,0.07
95,90,22,2,21,-5.25,94.79,-42.27,-27.09,72.54,30.41,0.95,10.25,-0.86,-0.16,0.14,0.22,4.80,8.95,2.82,0.06,-0.01,0.16
95,90,14,9,24,-4.33,94.67,-47.09,-26.27,70.69,33.83,0.76,10.00,-0.82,-0.28,0.15,0.26,4.57,8.73,3.06,0.04,-0.05,0.27
95,90,8,13,39,-0.11,94.51,-88.56,-25.40,70.07,35.67,0.02,9.67,-0.76,-0.39,0.02,0.27,4.24,8.39,3.04,-0.04,-0.17,0.34
95,90,10,18,40,0.07,94.03,-91.04,-25.11,66.59,40.29,-0.01,9.35,-0.66,-0.48,-0.08,0.22,4.17,8.16,3.53,-0.14,-0.20,0.40
94,88,10,33,18,3.19,96.85,-115.03,-22.17,65.92,45.04,-0.49,8.74,-1.05,-0.54,-0.12,0.16,3.56,7.98,3.57,-0.25,-0.19,0.41
93,88,8,31,28,7.04,101.12,-122.63,-18.15,64.38,52.84,-1.02,8.13,-1.60,-0.49,-0.27,0.10,2.93,8.05,3.86,-0.35,-0.22,0.24
91,87,10,29,21,11.37,101.84,-134.41,-18.12,64.37,52.88,-1.61,7.85,-1.64,-0.33,-0.44,-0.08,2.87,7.90,3.79,-0.54,-0.28,-0.01
89,87,12,33,12,9.46,103.57,-125.38,-18.14,64.44,52.78,-1.34,7.83,-1.89,-0.12,-0.60,-0.35,2.95,8.12,3.88,-0.69,-0.34,-0.32
89,87,46,29,-1,5.29,102.86,-112.58,-18.05,65.40,51.94,-0.78,8.17,-1.87,0.14,-0.69,-0.49,2.95,8.22,3.76,-0.77,-0.36,-0.57
89,87,62,36,12,6.98,101.87,-120.76,-17.60,66.04,52.00,-1.11,8.86,-1.86,0.28,-0.86,-0.52,3.05,8.77,3.90,-0.82,-0.45,-0.82
90,88,62,49,7,4.28,101.22,-111.04,-19.16,67.10,48.23,-0.74,9.63,-1.91,0.39,-1.02,-0.55,3.46,9.17,3.87,-0.84,-0.60,-0.94
92,89,50,51,6,2.58,99.45,-105.36,-18.85,67.62,48.11,-0.47,10.37,-1.73,0.42,-1.15,-0.47,3.54,9.58,3.94,-0.85,-0.73,-0.96
93,90,52,38,13,4.06,97.96,-117.15,-21.54,67.40,44.22,-0.77,10.72,-1.50,0.36,-1.30,-0.53,4.12,9.64,4.01,-0.97,-0.81,-0.95
94,91,24,40,22,0.46,95.80,-94.59,-23.90,67.45,40.87,-0.09,10.87,-1.10,0.27,-1.31,-0.67,4.48,9.34,3.88,-1.13,-0.79,-0.82
95,91,10,18,16,-1.89,97.17,-75.18,-21.65,71.17,39.12,0.36,10.71,-1.35,0.04,-1.29,-0.66,3.84,9.15,3.12,-1.19,-0.81,-0.59
95,90,36,-4,10,-4.44,101.35,-68.47,-20.24,73.50,37.61,0.78,9.83,-1.97,-0.12,-1.36,-0.50,3.40,8.84,2.62,-1.11,-0.97,-0.43
95,90,46,-27,3,-5.23,102.81,-67.57,-19.23,73.91,38.46,0.88,9.42,-2.14,-0.21,-1.35,-0.29,3.17,8.72,2.52,-0.97,-1.06,-0.31
95,91,58,-13,6,-3.89,105.97,-76.10,-17.76,73.29,41.92,0.65,9.23,-2.64,-0.21,-1.30,-0.15,3.02,9.03,2.71,-0.84,-1.08,-0.27
95,91,48,-11,6,-3.47,106.18,-77.72,-17.29,72.19,44.50,0.59,9.29,-2.70,-0.18,-1.23,-0.12,3.02,9.23,2.97,-0.77,-1.03,-0.27
95,91,52,-13,10,-3.28,105.58,-77.95,-19.80,71.17,41.89,0.55,9.21,-2.57,-0.09,-1.08,-0.20,3.46,9.09,3.10,-0.76,-0.84,-0.34
95,91,40,-13,9,-3.86,102.35,-72.48,-19.80,71.18,41.86,0.67,9.67,-2.12,-0.05,-0.86,-0.29,3.48,9.15,3.12,-0.74,-0.62,-0.32
95,91,36,-2,22,-3.73,103.25,-74.13,-19.66,72.07,40.74,0.65,9.73,-2.29,-0.09,-0.73,-0.32,3.47,9.25,2.99,-0.71,-0.49,-0.27
95,91,28,-11,21,-4.55,103.18,-70.77,-20.10,71.65,40.69,0.79,9.64,-2.26,-0.10,-0.57,-0.36,3.57,9.26,3.07,-0.67,-0.32,-0.23
95,91,38,-18,16,-5.67,102.47,-65.31,-20.80,72.36,38.59,0.97,9.54,-2.11,-0.08,-0.36,-0.45,3.62,9.09,2.89,-0.64,-0.08,-0.19
95,91,28,-11,16,-8.49,105.54,-60.87,-20.29,74.62,35.66,1.43,9.26,-2.57,-0.04,-0.12,-0.42,3.47,9.06,2.49,-0.48,0.06,-0.17
95,90,26,13,15,-9.52,100.10,-46.26,-23.72,74.77,30.87,1.65,9.67,-1.72,0.01,0.00,-0.25,3.93,8.63,2.35,-0.27,0.10,-0.11
95,90,24,9,12,-7.35,99.54,-52.11,-22.09,71.12,38.56,1.29,9.83,-1.65,-0.09,0.21,-0.04,3.81,8.89,3.04,-0.07,0.21,0.04
95,91,24,6,1,-3.61,101.36,-72.25,-20.33,71.53,40.53,0.64,9.94,-2.00,-0.15,0.36,0.09,3.53,9.04,3.02,0.10,0.22,0.18
96,91,30,9,-13,-1.08,101.03,-84.35,-18.36,67.86,48.64,0.20,10.43,-2.03,-0.19,0.42,0.30,3.51,9.79,3.98,0.27,0.21,0.23
98,91,22,-36,-16,4.61,97.40,-122.05,-22.54,62.22,48.32,-0.90,11.03,-1.43,-0.20,0.54,0.19,4.61,9.84,5.18,0.20,0.39,0.28
99,91,0,-45,-13,4.28,92.56,-149.18,-23.88,61.54,47.10,-0.83,11.08,-0.50,-0.36,0.80,-0.16,4.61,9.16,4.97,-0.06,0.74,0.53
99,90,22,-40,-16,2.56,95.35,-115.58,-21.32,65.08,47.19,-0.45,10.15,-0.95,-0.65,0.90,-0.25,3.65,8.47,3.94,-0.17,0.80,0.77
97,90,42,-49,-10,0.17,100.06,-90.95,-19.34,67.12,47.93,-0.03,8.96,-1.59,-0.77,0.81,-0.09,3.07,8.05,3.40,-0.05,0.63,0.87
95,88,28,-38,12,-0.88,101.14,-85.44,-21.39,66.37,45.65,0.13,8.38,-1.65,-0.73,0.80,0.07,3.33,7.78,3.40,0.10,0.60,0.85
92,87,32,13,21,-1.46,104.15,-84.05,-20.75,65.07,48.05,0.21,7.93,-2.00,-0.56,0.95,0.19,3.23,7.74,3.60,0.28,0.67,0.75
91,86,24,9,12,3.90,100.52,-110.46,-19.65,62.27,52.50,-0.56,8.12,-1.51,-0.39,1.01,0.28,3.09,7.67,4.03,0.42,0.73,0.60
90,86,0,29,18,6.93,101.47,-121.43,-16.96,61.01,57.83,-1.06,8.55,-1.74,-0.27,1.06,0.35,2.87,8.22,4.56,0.55,0.76,0.43
90,86,-18,38,16,12.16,103.89,-131.91,-16.96,56.60,61.01,-1.91,8.61,-2.13,0.07,1.02,0.42,3.11,8.50,5.60,0.68,0.80,0.16
91,86,-12,33,10,16.81,96.47,-159.56,-17.89,53.25,61.65,-2.86,9.40,-1.07,0.33,1.00,0.33,3.39,8.40,6.28,0.59,0.90,0.06
91,86,32,18,18,18.97,94.10,-168.25,-16.86,54.17,62.63,-3.39,9.82,-0.70,0.27,0.96,0.11,3.15,8.43,6.09,0.38,0.80,0.04
91,86,38,13,28,18.13,91.62,-175.07,-20.17,52.86,58.69,-3.19,9.74,-0.28,0.18,0.72,-0.14,3.73,8.10,6.14,0.07,0.68,0.05
91,85,30,-6,21,13.66,88.32,173.13,-23.25,55.54,52.79,-2.32,9.56,0.28,-0.01,0.57,-0.42,3.95,7.58,5.20,-0.25,0.62,0.14
90,84,36,-9,21,7.08,91.84,-165.50,-24.90,59.68,47.39,-1.10,8.86,-0.28,-0.14,0.48,-0.57,4.03,7.50,4.38,-0.35,0.57,0.13
90,84,38,-15,28,2.55,94.82,-117.92,-25.10,59.82,47.03,-0.38,8.52,-0.72,-0.03,0.44,-0.56,4.15,7.65,4.45,-0.34,0.64,0.02
90,84,-6,-9,13,2.64,94.57,-120.06,-26.95,60.31,44.25,-0.40,8.74,-0.70,0.11,0.61,-0.59,4.42,7.56,4.31,-0.33,0.79,-0.02
90,84,10,13,15,5.37,96.91,-127.98,-25.17,58.57,47.97,-0.84,8.83,-1.07,0.32,0.68,-0.54,4.27,7.75,4.74,-0.27,0.70,0.01
91,84,22,31,10,5.48,92.94,-151.89,-26.76,56.61,47.51,-0.91,9.46,-0.49,0.63,0.71,-0.50,4.71,7.80,5.14,-0.24,0.81,0.05
91,85,24,36,16,12.17,93.97,-162.19,-21.11,52.78,57.45,-2.12,9.79,-0.68,0.68,0.85,-0.60,4.12,8.49,6.45,-0.35,1.09,0.01
91,86,44,51,4,18.89,94.07,-168.29,-19.79,52.34,59.50,-3.38,9.86,-0.70,0.50,0.79,-1.00,3.69,8.12,6.27,-0.67,1.32,-0.01
91,85,60,45,7,16.10,95.55,-161.47,-16.91,52.92,63.24,-2.74,9.44,-0.92,0.07,0.70,-1.30,2.83,7.42,5.61,-0.85,1.31,0.04
91,84,70,24,4,15.68,102.37,-142.64,-9.95,52.98,73.75,-2.65,9.22,-2.02,-0.35,0.64,-1.11,1.70,7.75,5.84,-0.78,1.10,0.17
93,87,68,20,22,23.10,105.83,-147.40,-4.19,53.07,83.05,-4.64,10.47,-2.97,-0.59,0.39,-0.83,0.93,10.11,7.60,-0.67,0.78,0.09
95,89,46,6,16,30.00,104.12,-157.09,-12.85,45.78,71.88,-7.05,11.84,-2.98,-0.58,0.06,-1.18,3.48,10.92,10.63,-1.05,0.86,-0.36
99,90,26,-11,33,28.10,89.23,178.55,-21.14,41.44,62.71,-7.01,13.13,0.18,-0.58,0.16,-2.15,5.58,9.55,10.82,-2.04,1.25,0.18
101,88,22,-11,48,21.73,86.38,171.00,-17.48,44.27,66.26,-4.81,12.03,0.76,-1.19,0.18,-2.73,3.56,7.90,8.10,-2.65,1.39,0.65
99,86,10,-9,67,21.69,94.59,-168.63,-13.57,43.27,71.66,-3.74,9.37,-0.75,-1.67,-0.17,-2.49,2.21,6.28,6.67,-2.69,1.00,0.88
96,83,6,-20,54,20.85,89.45,178.56,-15.82,37.07,70.45,-2.94,7.72,0.07,-1.83,-0.39,-2.11,2.36,5.02,6.65,-2.46,0.74,1.10
92,79,12,-13,54,28.10,93.67,-173.17,-17.87,32.72,69.03,-3.22,6.01,-0.39,-1.83,-0.29,-1.99,2.59,4.34,6.75,-2.32,0.82,1.02
87,75,12,-15,28,39.99,97.86,-170.74,-18.31,27.08,69.61,-3.98,4.70,-0.65,-1.52,-0.11,-2.09,2.65,3.64,7.12,-2.29,1.02,0.77
83,71,-8,-31,15,36.35,77.36,163.44,-22.95,18.57,65.93,-3.51,4.65,1.04,-1.22,0.26,-2.36,3.03,2.28,6.79,-2.25,1.47,0.93
78,68,2,-31,-10,40.52,85.54,174.80,-9.71,21.55,79.57,-3.05,3.56,0.28,-1.21,0.66,-2.39,1.16,2.49,6.31,-2.10,1.83,0.82
74,65,-4,-33,-15,44.73,95.27,-174.71,-10.91,16.62,78.62,-3.75,3.77,-0.35,-0.85,0.72,-1.97,1.35,2.01,6.72,-1.69,1.65,0.60
73,62,4,-47,-21,44.39,79.41,169.37,-13.79,11.15,75.95,-5.05,5.07,0.95,-0.62,1.00,-1.67,2.28,1.79,9.10,-1.28,1.71,0.92
73,60,-6,-45,-13,49.37,79.91,171.45,-5.35,13.34,84.50,-6.61,5.58,0.99,-0.85,1.48,-1.56,0.95,2.34,9.85,-1.13,2.00,1.40
73,60,18,-29,-13,56.15,98.22,-174.53,9.40,19.25,99.94,-8.39,5.57,-0.80,-1.27,1.53,-1.26,-1.73,3.44,9.85,-1.01,1.73,1.63
73,59,18,-29,0,61.47,103.34,-172.85,4.11,13.09,94.22,-9.47,5.01,-1.19,-1.29,0.98,-1.10,-0.74,2.34,10.07,-0.87,1.06,1.71
70,58,26,-13,1,60.54,103.44,-172.52,17.29,14.18,107.80,-7.13,3.92,-0.94,-1.60,0.68,-0.68,-2.87,2.26,8.93,-0.51,0.78,2.08
65,57,22,15,15,56.59,166.74,-147.30,32.02,17.68,123.28,-6.60,1.00,-4.24,-1.73,0.52,0.35,-4.80,2.33,7.32,-0.11,0.06,1.69
61,54,2,4,28,62.11,167.70,-152.66,16.50,7.53,106.64,-6.73,0.76,-3.48,-0.68,-0.02,1.42,-2.17,0.96,7.25,0.67,-1.06,1.18
60,52,-10,2,52,66.71,99.96,-175.74,-2.80,5.21,87.19,-6.85,2.90,-0.51,-0.15,0.15,1.83,0.43,0.80,8.83,1.27,-1.14,1.31
64,52,-8,4,48,59.32,80.72,174.54,-0.87,12.99,89.11,-13.49,7.90,1.29,-0.26,-0.69,2.34,0.15,2.16,9.37,1.54,-1.79,1.92
68,56,-18,-2,61,48.30,78.53,169.96,-4.87,20.54,84.80,-9.11,7.95,1.61,-0.90,-1.27,2.22,1.23,5.05,13.47,1.41,-2.61,2.14
69,60,-6,-2,45,59.73,101.32,-173.46,-7.87,24.46,81.36,-9.76,5.59,-1.12,-1.06,-0.60,1.99,2.04,6.09,13.40,0.65,-2.21,1.91
69,63,18,18,28,56.62,101.68,-172.40,-4.62,30.43,84.64,-9.17,5.92,-1.22,-0.78,-1.05,1.72,1.04,6.51,11.08,0.23,-1.83,0.87
74,66,34,24,10,46.22,95.98,-174.30,-17.66,30.84,69.66,-9.54,9.09,-0.95,-0.36,-1.37,1.56,4.35,7.00,11.72,0.12,-1.94,0.06
78,68,6,20,16,40.33,86.96,176.43,-24.72,28.58,62.33,-8.36,9.84,0.52,-0.00,-1.10,0.61,6.54,6.80,12.48,-0.41,-1.55,0.20
80,69,32,24,21,32.32,84.52,171.42,-19.97,29.02,67.43,-5.52,8.69,0.83,-0.01,-0.51,0.03,4.48,5.98,10.78,-0.71,-0.53,0.17
80,68,22,24,34,35.35,92.06,-177.10,-12.23,30.28,75.91,-5.00,7.05,-0.25,-0.27,-0.08,0.20,2.14,4.99,8.54,-0.53,-0.25,-0.02
78,67,12,15,51,44.44,103.86,-166.27,-9.75,29.81,78.80,-5.33,5.28,-1.30,-0.10,-0.39,0.61,1.50,4.33,7.56,-0.28,-0.59,-0.39
75,65,0,15,55,41.86,103.54,-165.35,-21.07,28.33,66.36,-4.53,4.92,-1.19,0.54,-0.49,0.71,3.11,3.83,7.10,-0.02,-0.75,-0.61
73,65,12,27,46,37.04,101.00,-165.81,-15.67,30.98,71.88,-3.54,4.61,-0.90,1.02,-0.15,0.70,2.26,4.14,6.89,0.23,-0.61,-0.93
73,65,2,27,40,39.28,96.84,-171.72,-17.98,32.45,68.97,-4.13,5.01,-0.60,1.31,-0.11,0.67,2.56,4.24,6.67,0.42,-0.45,-1.62
75,65,14,22,39,44.05,91.62,-178.32,-27.24,28.05,59.74,-7.03,7.27,-0.21,1.86,-0.96,0.46,4.70,4.29,8.05,0.56,-0.47,-2.12
73,64,40,20,49,-8.86,95.11,-29.72,-33.89,23.45,53.79,0.66,4.21,-0.38,1.94,0.68,-0.48,5.39,3.19,7.36,0.28,0.40,-2.18
75,62,56,24,42,27.93,84.56,169.87,-30.42,26.55,56.73,-4.10,7.70,0.73,2.45,0.53,0.18,3.92,2.99,5.98,0.91,0.59,-2.06
78,61,58,33,39,19.32,82.93,160.65,-29.72,28.06,57.10,-2.90,8.20,1.02,2.04,0.72,0.44,4.33,3.56,6.69,1.15,0.14,-1.96
80,60,76,20,43,15.21,79.03,145.02,-41.04,23.50,46.49,-2.43,8.78,1.70,1.85,0.57,0.76,6.35,2.91,6.69,1.47,-0.10,-1.50
83,60,60,27,48,11.14,71.69,122.08,-43.69,23.80,43.77,-2.06,9.95,3.29,1.64,0.64,0.94,7.49,3.17,7.18,1.59,0.02,-0.81
86,61,40,27,34,8.45,73.00,116.95,-40.47,32.07,44.81,-1.65,10.61,3.24,0.79,1.06,0.83,6.78,4.22,6.73,1.50,0.29,-0.12
87,63,32,24,10,10.66,86.94,164.16,-32.30,40.02,50.46,-1.79,9.49,0.51,0.24,1.31,0.93,5.30,5.39,6.42,1.51,0.48,0.27
89,66,50,4,15,11.72,95.35,-155.79,-24.81,48.44,55.13,-2.09,10.02,-0.94,-0.13,1.52,1.33,3.99,6.46,5.72,1.80,0.15,0.56
92,69,32,4,7,9.03,99.11,-135.08,-25.67,49.74,53.36,-1.78,11.09,-1.78,-0.43,1.54,2.05,4.55,7.22,6.12,2.20,-0.49,0.89
97,72,48,6,0,11.67,90.09,-179.55,-36.12,48.66,42.15,-2.73,13.21,-0.02,-0.72,1.36,2.57,7.13,7.33,6.45,2.29,-1.14,1.60
101,75,40,29,3,3.60,87.35,143.67,-36.56,54.19,38.27,-0.86,13.63,0.63,-1.45,1.33,2.68,7.41,8.10,5.84,2.23,-1.12,2.34
103,78,30,20,36,9.48,97.97,-140.29,-33.28,54.49,41.51,-2.08,12.33,-1.73,-1.88,1.48,2.67,7.18,8.91,6.36,2.12,-0.95,2.60
102,80,22,45,25,16.70,101.67,-146.02,-32.99,53.70,42.36,-3.30,10.76,-2.22,-1.66,1.46,1.98,7.21,8.95,6.57,1.63,-0.44,2.67
100,82,18,24,21,15.59,99.17,-150.26,-35.41,51.09,41.46,-2.80,9.92,-1.60,-1.31,1.56,0.79,7.73,8.46,6.83,0.75,0.49,2.52
100,84,-2,9,31,19.15,97.30,-159.89,-31.56,45.53,48.75,-3.55,10.14,-1.30,-1.06,1.72,-0.47,8.32,9.67,9.49,-0.92,2.18,2.56
100,85,6,-4,33,26.25,94.46,-171.04,-32.17,42.03,49.74,-5.30,10.71,-0.84,-1.16,1.93,-2.51,7.84,8.35,9.26,-1.99,3.90,2.15
95,83,-20,-9,28,23.29,116.18,-134.30,-38.21,41.93,43.38,-3.27,6.82,-3.35,-0.45,2.84,-4.49,7.58,6.43,7.16,-2.22,5.39,2.12
88,79,-18,-29,37,31.30,143.20,-127.21,-34.25,42.94,47.08,-3.38,3.33,-4.45,1.82,2.61,-5.10,4.39,4.39,4.72,-1.84,6.36,2.08
81,75,-18,0,51,44.09,113.56,-157.58,4.55,52.39,97.42,-3.16,2.99,-1.30,2.20,2.25,-4.57,-0.30,3.00,2.32,-0.99,6.64,1.64
74,72,-6,-9,46,60.87,145.32,-155.38,23.39,36.24,118.20,-5.56,1.76,-2.55,1.69,1.80,-3.96,-2.32,3.17,4.32,-0.73,5.09,0.66
70,67,-12,11,39,51.32,148.79,-145.60,1.44,18.61,91.52,-5.29,2.19,-3.62,2.24,1.09,-3.22,-0.15,1.92,5.70,-0.47,4.15,0.08
68,64,22,27,39,39.77,135.18,-139.56,1.32,21.48,91.42,-4.41,3.74,-3.76,2.75,1.41,-2.97,-0.16,2.47,6.28,0.33,3.91,0.24
67,64,34,36,40,44.55,140.89,-141.76,16.09,31.54,108.70,-6.31,4.04,-4.97,2.61,1.61,-2.77,-2.31,4.19,6.83,0.93,3.15,0.10
65,65,40,27,36,40.37,155.84,-132.98,24.28,37.37,119.58,-6.55,3.15,-7.02,2.63,1.44,-1.85,-4.03,5.43,7.11,1.40,1.76,-0.03
65,66,50,56,28,37.94,148.19,-132.53,11.47,33.94,103.75,-6.25,4.23,-6.81,2.29,1.19,-0.39,-1.96,5.39,8.02,1.14,0.45,0.09
66,67,62,69,40,32.81,136.97,-131.41,-0.40,32.16,89.53,-5.36,5.67,-6.08,1.96,1.14,0.34,0.07,5.32,8.46,1.29,-0.42,0.40
67,70,66,81,33,38.70,149.18,-133.01,-9.50,31.46,78.90,-8.35,5.34,-8.95,1.83,1.38,-0.65,2.43,7.58,12.39,1.32,0.42,0.56
67,75,58,85,40,42.19,158.73,-134.20,4.32,36.23,95.35,-10.00,4.00,-10.29,1.76,1.34,-1.58,-1.18,9.24,12.61,1.01,1.46,0.63
65,79,52,99,39,46.39,162.69,-137.71,11.23,38.16,104.17,-11.19,3.17,-10.18,1.38,0.80,-1.42,-3.14,9.78,12.44,0.54,1.21,0.60
64,82,40,105,43,48.17,161.16,-139.73,11.28,36.49,103.94,-10.88,3.15,-9.22,0.43,0.21,-1.01,-3.19,9.50,12.85,0.10,1.01,0.21
62,83,36,101,57,48.55,163.62,-139.73,14.38,35.28,107.44,-11.12,2.77,-9.42,-0.45,-0.09,-0.60,-3.98,8.96,12.66,-0.19,0.70,-0.07
63,83,40,105,61,52.29,146.83,-147.09,17.45,33.65,110.69,-10.58,4.48,-6.85,-2.02,-0.57,0.40,-4.26,7.51,11.27,-0.58,-0.20,-0.09
63,81,18,94,58,47.11,137.77,-145.48,25.83,33.60,120.17,-7.78,4.86,-5.35,-4.07,-0.83,1.90,-5.00,5.72,8.60,-0.54,-1.54,-0.06
63,78,18,96,54,41.41,139.10,-139.40,30.98,37.76,127.22,-6.43,4.78,-5.51,-5.57,-0.89,4.02,-4.86,4.96,6.40,-0.26,-3.48,0.02
65,77,20,74,64,39.84,146.43,-135.04,19.42,44.21,116.19,-8.04,5.33,-8.03,-5.57,-1.24,5.73,-2.76,5.46,5.61,-0.00,-5.59,-0.13
70,77,14,42,39,39.22,129.48,-142.08,-21.28,36.05,64.28,-8.74,8.26,-6.81,-4.53,-2.70,6.43,4.12,6.22,8.54,-0.16,-6.64,-0.07
77,76,14,22,39,30.08,103.85,-157.54,-28.63,30.93,57.52,-6.97,11.68,-2.88,-3.89,-3.37,5.97,6.21,5.85,9.76,-0.35,-6.12,0.45
81,76,32,18,36,30.07,103.14,-158.57,-32.24,28.12,54.43,-6.48,10.90,-2.55,-3.46,-2.67,4.11,8.65,6.46,12.09,-0.54,-4.56,0.54
85,76,20,13,42,27.07,94.57,-171.13,-25.65,28.92,61.25,-5.39,10.51,-0.84,-2.94,-1.87,1.91,6.72,6.76,12.24,-0.80,-2.50,0.41
87,76,2,22,22,26.43,90.18,-179.63,-21.54,29.19,65.67,-4.82,9.69,-0.03,-3.06,-0.78,-0.11,5.44,6.72,12.03,-1.60,-0.36,0.11
84,75,-6,36,18,36.49,118.76,-146.96,-7.60,37.55,80.45,-4.75,5.62,-3.09,-2.73,-0.13,-1.22,1.12,5.13,6.68,-1.85,0.32,-0.35
81,72,-10,24,22,33.38,106.40,-156.81,-13.46,33.07,74.06,-3.46,5.04,-1.48,-1.66,-1.33,-1.02,1.52,3.47,5.33,-1.57,-0.07,-0.87
80,69,-18,15,18,12.07,79.67,140.02,-13.39,30.83,74.50,-1.36,6.28,1.14,-1.96,-1.51,-0.52,1.50,3.22,5.40,-1.31,-0.43,-0.89
79,68,-4,-9,4,24.61,87.71,175.01,-14.70,34.01,72.44,-2.80,6.11,0.24,-2.44,-1.38,-0.00,2.03,4.32,6.41,-1.32,-0.98,-1.16
80,67,34,-29,9,26.11,76.39,154.34,-25.99,27.24,61.27,-3.91,7.75,1.88,-2.11,-1.81,-0.17,4.60,4.32,8.38,-1.60,-0.97,-1.39
82,65,44,-40,13,14.25,64.10,120.17,-29.46,24.67,58.14,-2.52,8.92,4.33,-2.34,-1.35,-0.94,5.33,3.94,8.57,-1.60,-0.32,-1.08
81,65,46,-47,-3,17.06,73.18,136.67,-16.88,33.32,70.05,-2.24,6.98,2.11,-2.48,-0.81,-1.32,2.44,4.41,6.71,-1.34,-0.16,-1.24
80,64,50,-33,-9,17.29,68.60,130.46,-33.57,29.40,52.70,-2.01,6.02,2.36,-1.42,-1.53,-0.99,4.80,3.55,6.30,-0.84,-0.96,-1.54
82,63,40,-22,1,6.80,49.33,100.37,-33.30,21.82,54.72,-1.37,8.73,7.50,-1.60,-1.88,-0.80,5.68,3.22,8.03,-0.91,-0.71,-1.06
81,62,8,-4,3,7.97,55.05,103.73,-28.45,25.67,58.99,-1.12,6.56,4.58,-1.56,-1.43,-0.58,4.31,3.45,7.17,-0.72,-1.16,-0.44
78,63,2,-4,4,30.57,64.41,143.83,-21.84,33.67,64.29,-3.09,4.72,2.26,-0.69,-1.80,-0.25,3.39,4.69,7.04,-0.55,-1.67,-0.60
77,63,-20,-11,6,15.07,51.53,113.40,-31.18,30.59,54.90,-1.95,5.67,4.51,-0.37,-1.89,-0.67,5.09,4.28,7.24,-0.41,-1.46,-1.20
77,63,-18,2,15,-2.16,47.81,86.78,-35.88,28.07,50.66,0.31,6.01,5.45,-0.01,-1.65,-0.75,6.29,4.09,7.67,-0.31,-1.13,-1.09
76,63,-8,31,21,5.77,48.47,98.67,-36.88,36.32,47.04,-0.81,5.97,5.29,0.42,-1.66,-0.47,5.53,4.36,5.94,-0.09,-1.57,-0.93
74,63,-2,31,9,-1.27,49.63,88.04,-41.54,37.03,42.02,0.13,4.44,3.77,1.06,-1.80,-0.56,6.43,4.37,5.79,-0.04,-1.88,-1.10
72,62,-10,47,4,-12.10,53.11,70.35,-46.05,35.47,38.13,1.10,4.11,3.08,2.10,-1.97,-0.37,6.85,3.83,5.38,-0.04,-1.84,-1.20
69,61,6,74,-1,-8.98,25.14,80.10,-49.63,44.25,31.34,1.44,3.88,8.26,2.19,-1.96,-3.29,5.93,3.52,3.61,0.02,-1.75,-1.27
70,62,18,65,-7,-5.69,61.34,78.27,-49.19,60.96,22.74,0.70,6.14,3.35,2.28,-1.94,0.24,6.45,4.87,2.71,0.37,-2.10,-1.57
71,65,2,54,-13,-7.08,70.60,69.51,-42.55,59.14,29.19,0.89,6.79,2.39,2.32,-1.48,0.22,6.79,6.35,3.79,0.68,-2.39,-2.02
74,68,-4,40,0,-22.60,79.21,24.22,-45.75,57.12,27.87,3.51,8.29,1.58,3.12,-2.39,0.33,8.78,7.18,4.64,0.87,-2.20,-2.34
82,71,4,42,0,-17.03,63.28,55.74,-43.32,52.73,32.71,4.72,13.76,6.93,3.09,-2.70,0.36,9.03,7.62,5.80,0.22,-1.51,-2.07
91,73,16,58,16,-13.05,59.25,65.61,-52.43,51.88,25.40,4.08,15.12,9.00,1.35,-1.44,0.05,11.63,7.04,5.52,0.01,-1.66,-1.22
91,75,2,69,22,-19.80,73.60,38.11,-43.69,52.88,32.28,3.63,9.67,2.85,0.70,-0.08,-0.16,8.62,7.20,5.45,-0.12,-1.10,-0.42
89,75,26,56,33,-13.38,85.55,18.07,-37.00,63.00,31.07,1.83,7.66,0.60,0.86,0.57,-0.11,5.91,6.99,3.56,-0.06,-0.88,-0.59
88,75,24,58,39,-5.86,89.46,5.21,-33.56,61.75,35.51,0.79,7.68,0.07,1.46,-0.52,0.14,5.26,6.98,3.75,0.16,-0.93,-1.08
89,75,30,54,46,-4.44,74.69,73.62,-40.07,53.89,35.02,0.73,9.05,2.48,1.76,-1.22,0.21,6.53,6.27,4.57,0.14,-1.01,-1.33
89,74,16,24,43,-2.72,73.30,80.62,-39.02,50.78,37.97,0.44,8.89,2.67,1.61,-0.90,-0.02,6.23,5.96,4.87,0.11,-1.08,-1.38
89,73,30,11,52,-2.65,74.09,80.43,-41.14,53.92,33.98,0.42,8.72,2.49,1.50,-0.88,-0.28,6.43,5.95,4.33,-0.07,-1.00,-1.45
89,74,30,-6,55,-5.66,84.00,46.53,-35.51,64.56,31.05,0.87,8.76,0.92,1.26,-0.75,-0.57,5.34,6.76,3.22,-0.01,-0.89,-1.58
89,74,40,-11,48,-11.45,89.92,0.41,-38.16,60.21,32.31,1.68,8.30,0.01,1.36,-0.78,-0.58,6.13,6.78,3.88,0.09,-0.89,-1.81
90,74,30,-13,49,-11.11,78.44,45.59,-44.99,58.33,27.71,1.85,9.22,1.89,1.41,-0.66,-0.55,7.08,6.03,3.72,-0.09,-0.43,-1.50
91,74,36,-27,48,-12.96,83.54,26.04,-36.36,69.38,25.57,2.09,9.04,1.02,0.94,-0.20,-0.58,5.12,6.51,2.45,-0.11,-0.21,-1.13
89,74,6,-36,45,-13.92,96.78,-25.47,-30.48,68.48,31.93,1.92,7.71,-0.92,0.84,-0.13,-0.19,4.32,6.83,2.69,0.11,-0.34,-1.08
88,74,-4,-22,30,-9.57,101.97,-50.90,-26.17,70.71,33.92,1.32,7.65,-1.62,1.05,-0.13,0.24,3.64,6.99,2.45,0.27,-0.44,-1.03
88,76,-6,-6,36,-1.10,95.94,-79.50,-29.84,63.65,37.72,0.16,8.19,-0.85,1.28,-0.41,0.44,4.65,7.27,3.60,0.37,-0.50,-1.18
89,78,-8,-11,28,-0.99,93.86,-75.63,-24.95,71.70,34.02,0.17,9.97,-0.67,1.12,-0.19,0.07,4.13,8.43,2.79,0.24,-0.29,-1.02
90,81,-22,15,30,-3.70,106.67,-77.29,-19.45,72.40,40.58,0.65,9.61,-2.88,0.89,-0.32,0.01,3.52,9.50,3.01,0.13,-0.41,-1.09
91,82,2,13,18,-8.51,103.95,-58.17,-24.07,77.50,25.84,1.54,9.99,-2.48,1.03,-0.47,0.13,4.06,8.88,1.97,0.23,-0.55,-0.89
93,84,14,29,7,-12.94,97.99,-31.15,-23.62,76.31,28.42,2.43,10.46,-1.47,0.75,-0.51,0.27,4.14,9.20,2.24,0.23,-0.44,-0.53
94,87,18,31,3,-9.30,108.38,-62.54,-15.86,75.94,40.52,1.78,10.29,-3.42,0.39,-0.03,0.20,3.02,10.30,2.58,0.16,-0.21,-0.27
95,90,24,33,6,-6.16,117.24,-76.74,-6.63,80.32,55.36,1.27,10.48,-5.39,0.14,0.14,0.24,1.36,11.54,1.97,0.17,-0.08,-0.21
96,94,40,4,1,-2.01,122.89,-86.29,-4.64,82.15,59.31,0.43,10.35,-6.69,0.16,0.02,0.39,1.00,12.25,1.69,0.21,-0.39,-0.30
98,97,34,27,3,-3.68,119.73,-82.60,-7.12,81.49,49.86,0.84,11.27,-6.43,0.28,-0.24,0.32,1.61,12.76,1.91,0.19,-0.50,-0.33
100,101,24,24,12,-4.74,115.72,-79.17,-7.63,79.46,53.80,1.16,12.60,-6.07,0.13,-0.14,0.21,1.87,13.73,2.55,0.11,-0.32,-0.30
102,104,24,15,10,-2.41,113.91,-84.07,-11.20,77.41,47.74,0.59,12.89,-5.71,-0.06,-0.03,-0.01,2.73,13.48,3.01,-0.04,-0.19,-0.19
105,106,40,6,-15,-1.47,108.88,-85.46,-14.18,76.41,42.93,0.36,13.21,-4.52,-0.32,0.06,-0.42,3.43,13.19,3.19,-0.42,0.13,0.06
106,107,38,29,-18,-6.09,110.80,-73.28,-13.21,77.93,41.70,1.46,12.82,-4.87,-0.65,0.29,-0.73,3.09,12.89,2.76,-0.62,0.44,0.31
107,108,42,18,-15,-4.61,111.42,-77.55,-13.32,78.59,39.87,1.06,12.22,-4.79,-0.83,0.39,-0.66,2.95,12.22,2.47,-0.75,0.54,0.57
106,107,32,15,3,-4.70,109.22,-75.99,-13.91,79.27,36.93,1.02,11.72,-4.09,-1.03,0.32,-0.68,2.91,11.55,2.19,-0.83,0.51,0.77
105,105,32,11,3,-8.51,109.58,-65.94,-18.18,78.24,31.84,1.73,10.89,-3.87,-1.12,0.39,-0.67,3.65,10.89,2.27,-0.81,0.58,0.89
104,104,22,15,25,-11.32,107.35,-56.14,-19.52,79.22,27.80,2.20,10.48,-3.28,-1.16,0.59,-0.59,3.68,10.19,1.94,-0.67,0.66,1.03
103,102,12,9,24,-9.57,105.65,-57.99,-22.43,77.74,27.21,1.79,10.24,-2.87,-1.17,0.72,-0.46,4.13,9.79,2.13,-0.52,0.71,1.11
102,100,14,-9,34,-6.55,99.55,-55.32,-27.60,75.03,26.29,1.23,10.53,-1.77,-1.20,0.92,-0.58,5.14,9.50,2.54,-0.53,0.97,1.19
101,99,24,-11,9,-5.26,94.86,-42.63,-31.58,69.10,30.13,0.99,10.76,-0.91,-1.25,1.04,-0.88,6.21,9.44,3.60,-0.53,1.35,1.20
102,97,24,-9,4,-11.38,87.24,13.44,-37.18,66.39,27.84,2.24,11.14,0.54,-1.37,1.33,-1.30,7.25,8.76,3.83,-0.77,1.98,1.41
101,95,36,-9,-13,-6.28,86.43,29.46,-39.28,62.83,29.17,1.14,10.37,0.65,-1.61,2.27,-1.88,7.90,8.59,4.41,-1.20,2.92,1.64
99,94,46,0,3,-8.82,88.59,9.01,-36.44,70.25,24.60,1.51,9.73,0.24,-1.86,2.96,-2.75,6.66,8.49,3.05,-1.67,3.94,1.79
97,92,42,15,-4,-16.62,94.82,-15.73,-37.45,76.21,17.28,2.50,8.35,-0.70,-1.92,3.37,-3.14,5.66,7.17,1.76,-1.79,4.47,1.86
94,88,32,9,10,-20.32,93.88,-10.35,-34.90,82.66,10.38,2.66,7.17,-0.49,-2.01,3.36,-2.57,3.76,5.35,0.69,-1.46,4.10,2.22
90,83,12,20,-4,-8.20,95.30,-32.68,-34.55,65.87,30.70,0.96,6.60,-0.61,-2.16,3.00,-1.57,3.35,4.44,1.99,-1.03,3.20,2.58
87,79,2,22,19,5.12,88.88,167.72,-36.38,47.17,42.70,-0.59,6.62,0.13,-2.27,2.73,-0.99,4.06,4.04,3.75,-0.69,2.63,3.07
84,75,2,-2,13,12.91,89.20,176.51,-31.21,40.09,51.62,-1.33,5.82,0.08,-2.46,2.77,-0.91,3.46,3.68,4.37,-0.47,2.63,3.39
80,72,10,9,21,11.84,98.62,-144.45,-21.14,34.79,64.78,-0.96,4.55,-0.69,-2.48,2.92,-0.87,2.46,3.63,5.22,-0.22,3.01,3.35
76,68,22,27,25,27.82,110.20,-146.80,-10.56,30.97,77.73,-2.02,3.60,-1.32,-2.42,2.96,-0.42,0.92,2.54,4.23,0.12,3.00,3.30
72,65,44,13,55,39.84,136.21,-139.13,19.69,34.29,113.42,-3.14,2.61,-2.72,-2.28,2.72,0.51,-1.67,2.62,3.85,0.63,2.06,3.20
68,64,56,15,60,57.66,135.99,-155.52,-1.31,27.00,88.52,-6.21,2.73,-2.83,-1.66,2.10,0.88,0.18,3.51,6.88,0.93,1.31,2.55
66,64,62,42,57,58.34,116.74,-164.49,-10.85,25.34,78.02,-6.35,3.50,-1.76,-0.79,2.16,0.01,2.15,4.80,10.13,0.71,2.23,1.96
65,64,50,33,49,57.44,115.83,-164.46,2.41,29.67,92.77,-6.38,3.67,-1.77,-0.38,2.82,-0.75,-0.38,4.43,7.78,0.37,3.02,1.43
63,64,22,29,43,54.20,143.58,-149.87,16.14,30.50,108.57,-6.31,2.70,-3.66,-0.03,2.84,-0.70,-2.30,4.04,6.86,0.57,2.75,0.84
63,64,30,36,57,56.54,125.83,-158.85,12.23,29.90,104.03,-7.61,4.07,-2.94,0.38,2.17,-0.30,-1.87,4.29,7.46,0.66,2.05,0.38
65,64,20,22,51,52.78,106.56,-167.78,-3.00,26.53,86.64,-7.63,5.55,-1.65,0.56,1.81,-0.59,0.58,4.97,9.96,0.50,2.08,0.01
66,64,8,24,51,47.17,103.80,-167.53,-4.42,27.01,85.05,-6.25,5.62,-1.38,0.69,2.16,-1.23,0.72,4.24,8.31,0.32,2.58,0.04
66,64,16,49,54,39.66,120.46,-148.55,8.07,30.88,99.38,-4.65,4.83,-2.84,0.73,2.50,-1.13,-1.20,4.33,7.25,0.62,2.65,-0.04
67,64,48,40,51,42.88,123.39,-149.35,9.42,33.28,101.23,-5.87,5.27,-3.48,0.88,2.49,-0.69,-1.46,4.82,7.35,0.96,2.30,-0.06
68,65,24,47,24,43.42,119.60,-152.44,9.12,35.59,101.16,-6.39,5.88,-3.34,0.84,2.21,-0.48,-1.43,5.18,7.24,1.13,1.87,-0.10
70,67,46,54,24,35.20,121.94,-143.13,5.82,35.76,97.16,-5.31,6.39,-3.98,0.77,2.27,-0.37,-1.07,6.11,8.48,1.38,1.93,-0.02
71,69,48,47,24,34.94,129.18,-137.88,13.28,40.48,107.24,-5.87,6.51,-5.30,0.69,2.61,-0.16,-2.53,6.95,8.14,1.54,2.12,0.20
72,72,40,13,7,40.19,135.99,-139.59,21.33,45.52,119.13,-7.74,6.36,-6.59,0.56,2.44,0.23,-4.30,7.85,7.71,1.39,1.72,0.14
73,74,22,49,16,41.46,132.62,-142.53,15.80,44.77,111.73,-8.30,6.91,-6.36,0.59,1.72,0.20,-3.19,7.94,8.01,1.23,1.10,0.01
74,77,28,29,19,36.00,129.56,-138.77,12.86,46.23,108.26,-6.57,6.97,-5.76,0.49,1.56,-0.06,-2.57,8.14,7.79,1.00,1.04,0.04
74,79,4,33,24,29.07,135.26,-128.05,13.27,50.68,110.41,-5.07,6.42,-6.48,0.43,1.51,-0.16,-2.46,8.08,6.62,0.93,1.03,-0.06
74,80,-2,40,22,24.04,131.68,-123.85,10.70,51.10,106.75,-4.10,6.87,-6.11,0.44,1.55,-0.02,-1.88,7.73,6.24,0.97,1.01,0.06
76,80,-4,49,42,21.24,128.44,-122.01,13.10,54.71,111.93,-3.56,7.18,-5.70,0.16,1.60,0.22,-2.11,7.40,5.24,1.04,0.91,0.48
76,80,16,20,28,19.07,135.72,-115.78,18.07,59.53,122.76,-3.26,6.58,-6.75,-0.22,1.60,0.55,-3.02,7.98,4.70,1.20,0.72,0.87
76,82,14,40,34,19.16,142.35,-113.69,20.43,63.69,130.05,-3.54,6.22,-8.06,-0.37,1.52,0.92,-3.62,8.72,4.31,1.34,0.43,1.03
76,84,6,40,7,18.86,144.87,-112.67,24.45,68.79,141.50,-3.61,6.08,-8.64,-0.43,1.31,1.29,-4.43,9.08,3.52,1.47,-0.04,1.14
75,86,10,18,3,17.01,149.78,-109.50,25.97,72.10,147.75,-3.37,5.54,-9.51,-0.48,0.88,1.82,-4.89,9.56,3.09,1.67,-0.75,1.05
74,89,14,18,-4,17.27,149.70,-109.81,22.35,72.53,143.86,-3.48,5.65,-9.67,-0.29,0.43,2.29,-4.53,10.50,3.31,1.88,-1.31,0.69
74,91,2,13,-7,18.77,143.22,-112.99,9.95,65.41,112.86,-3.86,6.80,-9.10,0.14,0.14,2.34,-2.09,10.83,4.96,1.89,-1.52,0.17
76,93,-10,6,10,17.68,133.43,-114.88,9.12,64.76,110.62,-3.46,7.89,-7.47,0.37,0.19,2.10,-1.85,10.41,4.91,1.69,-1.27,0.12
77,94,-18,22,28,17.72,133.97,-114.71,8.38,64.92,109.17,-3.50,7.88,-7.60,0.32,0.09,1.90,-1.71,10.54,4.93,1.53,-1.22,-0.01
78,95,-32,29,37,15.87,134.41,-112.11,10.01,67.15,114.45,-3.10,7.80,-7.64,0.36,0.01,1.85,-1.95,10.20,4.30,1.40,-1.23,-0.01
79,96,-22,33,30,14.31,135.41,-109.71,15.77,73.46,134.77,-2.76,7.60,-7.71,0.24,-0.26,2.14,-2.95,10.03,2.98,1.36,-1.68,0.09
80,97,-20,54,34,13.72,137.40,-108.35,16.10,78.20,144.68,-2.71,7.52,-8.18,0.07,-0.91,2.69,-3.17,10.76,2.25,1.44,-2.66,0.01
82,98,4,51,9,12.69,134.19,-107.90,4.45,74.67,106.39,-2.56,8.17,-7.94,0.06,-1.61,2.94,-0.92,11.37,3.12,1.43,-3.34,-0.30
83,98,28,36,18,9.24,131.04,-103.92,-9.32,56.39,73.48,-1.94,8.98,-7.81,0.06,-2.05,2.80,2.03,10.31,6.85,-0.02,5.53,2.20
88,100,42,51,18,-1.39,102.73,-83.70,2.25,64.28,95.17,0.32,12.76,-2.88,0.69,-1.00,1.75,-0.53,12.14,5.85,-0.03,3.95,0.06
92,101,28,51,28,0.38,104.38,-91.54,2.00,69.96,95.81,-0.09,12.52,-3.21,0.00,-0.21,0.71,-0.41,11.03,4.02,0.10,0.68,-0.09
93,101,28,58,28,-1.15,119.15,-87.64,1.10,75.43,94.35,0.23,10.19,-5.69,-0.37,-0.18,0.20,-0.20,10.17,2.64,0.62,-2.20,0.62
93,99,24,87,31,-4.15,120.74,-81.92,-5.49,83.81,48.29,0.78,9.24,-5.49,-0.50,-0.47,0.30,0.96,9.95,1.08,0.69,-4.01,0.93
92,100,16,90,19,-2.41,126.83,-85.98,-7.67,83.51,40.02,0.45,8.51,-6.37,-0.75,-0.64,0.59,1.60,11.81,1.34,-0.52,-4.61,-0.45
91,99,-8,105,16,1.80,125.55,-93.09,-29.21,74.16,26.03,-0.34,8.81,-6.29,-0.65,-0.81,0.53,5.35,9.21,2.61,-0.82,-3.01,-1.28
91,99,-30,105,16,0.85,123.68,-91.53,-21.44,68.71,42.75,-0.16,9.13,-6.08,-0.61,-0.44,-0.05,4.27,10.14,3.95,-0.41,-0.61,0.25
91,99,-22,83,16,-0.84,117.79,-88.19,-12.97,68.47,57.89,0.16,9.49,-5.00,-0.56,0.33,-0.79,2.64,10.66,4.20,-0.81,0.70,0.41
90,99,-22,54,22,2.51,126.30,-94.23,-6.31,74.95,66.95,-0.46,8.50,-6.24,-0.71,0.72,-1.35,1.20,10.46,2.81,-1.02,1.37,0.42
88,99,-32,54,28,5.08,131.28,-97.67,-3.27,73.95,78.34,-0.93,7.88,-6.91,-0.62,0.80,-1.79,0.63,10.65,3.06,-1.19,1.74,0.13
87,99,-6,63,36,6.17,128.74,-99.81,-5.51,70.30,74.03,-1.10,7.96,-6.39,-0.43,1.08,-2.34,1.07,10.45,3.74,-1.39,2.37,-0.10
87,99,8,56,21,9.57,127.86,-105.37,-5.66,66.66,75.95,-1.71,8.00,-6.22,-0.28,1.46,-3.01,1.15,10.69,4.61,-1.73,3.20,-0.36
86,99,-4,51,31,12.79,130.84,-109.15,-3.90,66.88,80.14,-2.34,7.80,-6.74,-0.11,1.81,-3.71,0.79,10.61,4.53,-2.07,4.04,-0.68
85,99,2,42,36,16.68,132.45,-113.94,3.19,69.88,99.19,-3.07,7.56,-6.92,0.08,1.97,-4.07,-0.61,10.34,3.79,-2.32,4.49,-0.78
84,98,14,42,28,20.17,133.80,-117.96,4.64,67.37,101.91,-3.79,7.44,-7.13,0.23,1.78,-4.40,-0.88,9.96,4.15,-2.38,4.49,-1.01
82,97,12,2,21,21.11,136.42,-118.05,14.03,72.74,130.09,-3.83,6.84,-7.18,0.28,1.56,-4.48,-2.41,9.20,2.86,-2.50,4.25,-0.94
80,95,46,9,33,18.50,142.27,-112.93,20.31,71.82,139.86,-3.10,5.67,-7.32,0.29,1.10,-4.22,-3.18,8.16,2.68,-2.54,3.82,-0.95
77,92,70,11,19,17.78,149.77,-110.36,34.21,79.34,164.78,-2.84,4.47,-7.66,0.17,0.62,-3.57,-5.04,7.28,1.37,-2.24,3.04,-0.89
73,90,68,27,12,18.72,155.38,-110.44,29.11,65.63,143.47,-3.01,3.70,-8.08,0.20,0.27,-2.97,-4.54,7.42,3.36,-1.78,2.37,-1.18
70,88,56,27,18,22.67,154.95,-114.76,24.69,59.25,131.97,-3.51,3.56,-7.62,0.40,0.36,-2.63,-3.81,7.12,4.24,-1.80,2.54,-1.16
68,86,50,40,16,26.23,157.27,-118.11,34.11,59.91,143.49,-4.16,3.27,-7.80,0.55,0.41,-2.33,-5.08,6.49,3.76,-1.53,2.43,-1.24
66,84,22,38,28,31.18,154.34,-123.87,33.49,54.54,138.75,-5.07,3.63,-7.55,0.68,0.37,-2.14,-5.02,6.18,4.41,-1.19,2.07,-1.23
65,82,6,49,37,34.09,150.76,-127.79,31.49,49.69,133.44,-5.51,3.98,-7.10,0.72,0.48,-2.14,-5.20,6.48,5.49,-1.01,2.00,-1.14
64,80,-4,40,28,34.99,153.69,-127.98,35.12,49.17,137.09,-5.62,3.56,-7.20,0.62,0.49,-2.01,-5.47,5.88,5.09,-1.18,2.01,-0.97
63,78,8,51,13,35.78,155.51,-128.38,39.18,48.17,140.71,-5.86,3.37,-7.40,0.50,0.39,-1.76,-6.50,5.94,5.32,-1.08,1.87,-0.86
62,78,18,45,19,41.24,152.71,-134.61,27.32,40.27,124.10,-7.42,3.88,-7.52,0.51,0.40,-1.91,-5.36,6.70,7.91,-1.20,2.06,-1.03
63,78,8,49,10,42.86,147.46,-137.75,27.78,42.18,125.41,-7.66,4.44,-6.96,0.62,0.74,-2.58,-4.83,6.16,6.80,-1.66,2.65,-0.78
62,77,8,45,24,38.59,154.04,-131.59,44.92,52.96,148.86,-6.35,3.48,-7.15,0.52,0.85,-2.95,-6.56,5.25,3.96,-1.78,2.55,-0.42
60,75,12,54,37,31.86,164.41,-122.83,54.51,59.02,159.85,-4.80,2.08,-7.44,0.19,0.58,-2.61,-7.49,4.58,2.75,-1.71,2.05,-0.09
58,73,6,42,55,30.37,171.65,-120.64,58.36,64.06,164.91,-4.49,1.11,-7.59,-0.22,0.27,-2.06,-8.03,4.45,2.16,-1.53,1.52,0.21
55,71,-10,42,18,28.22,-178.74,-118.23,59.37,65.76,166.34,-4.45,-0.18,-8.29,-0.59,0.03,-1.66,-8.50,4.59,2.07,-1.42,1.23,0.34
51,70,2,33,18,24.58,-170.27,-114.90,63.16,73.28,171.72,-4.38,-1.62,-9.44,-0.65,-0.09,-1.29,-8.73,4.23,1.27,-1.33,0.95,0.28
47,69,2,22,9,21.31,-166.46,-111.87,65.04,79.39,175.10,-3.82,-2.29,-9.52,-0.36,-0.19,-0.87,-8.86,4.05,0.76,-0.98,0.52,0.23
44,67,0,18,6,19.17,-163.94,-109.89,67.72,90.51,-179.79,-3.39,-2.70,-9.38,-0.10,-0.15,-0.31,-9.25,3.79,-0.03,-0.62,0.05,0.14
41,65,10,27,-1,19.82,-164.51,-110.50,67.99,104.79,-174.11,-3.39,-2.51,-9.06,0.02,-0.47,0.44,-9.16,3.58,-0.95,-0.08,-0.88,0.02
40,64,42,33,39,15.50,-167.41,-105.86,62.25,78.53,174.03,-2.34,-1.84,-8.23,0.10,-0.56,0.97,-7.35,3.79,0.77,0.52,-1.36,-0.04
39,63,42,36,34,15.08,-169.76,-105.31,66.99,106.83,-172.99,-2.25,-1.49,-8.23,0.08,-0.40,1.72,-8.45,3.44,-1.04,0.85,-1.89,0.30
39,63,42,45,28,15.46,-169.48,-105.71,61.54,124.31,-163.01,-2.41,-1.59,-8.56,-0.38,-1.13,3.41,-9.48,4.24,-2.90,1.19,-3.90,0.56
40,63,28,49,27,13.01,-176.90,-103.03,45.36,100.23,-170.06,-1.86,-0.44,-8.04,-0.37,-2.22,4.49,-4.70,4.57,-0.82,1.59,-5.19,0.34
41,66,20,45,15,7.23,173.09,-97.28,24.39,66.67,138.86,-0.94,0.89,-7.36,-0.12,-1.61,4.55,-3.06,6.21,2.68,2.14,-4.66,0.39
44,68,0,42,3,14.34,166.61,-104.72,38.09,83.11,171.30,-2.34,2.12,-8.89,0.24,-1.23,5.33,-5.51,6.98,0.84,2.15,-4.79,0.37
50,72,-8,40,1,29.79,138.91,-127.22,16.16,72.67,134.20,-5.23,6.00,-6.88,0.27,-2.27,5.98,-2.46,8.10,2.53,2.14,-6.27,0.05
59,75,-18,24,4,24.49,112.77,-139.64,-18.27,41.73,66.14,-4.66,9.43,-3.96,0.21,-2.38,4.60,4.45,8.98,10.07,2.08,-4.99,-0.13
65,78,-12,4,-6,26.09,114.30,-139.96,0.23,45.34,90.33,-4.71,8.77,-3.96,-0.14,-0.95,3.47,-0.05,8.39,8.30,1.22,-3.33,0.63
67,79,-14,2,12,22.21,124.94,-125.48,0.82,50.73,91.29,-3.47,6.97,-4.87,-0.31,-1.09,3.08,-0.14,7.41,6.06,1.00,-3.00,0.50
69,80,-18,-6,22,17.72,125.83,-118.62,-1.18,52.33,88.07,-2.64,6.70,-4.84,-0.37,-0.97,3.04,0.19,7.19,5.55,1.12,-2.91,0.55
70,80,20,-9,33,15.05,130.29,-112.58,10.29,65.54,113.68,-2.19,6.22,-5.27,-0.37,-0.94,3.58,-1.44,7.23,3.29,1.33,-3.35,0.61
71,80,32,2,36,16.67,131.72,-114.22,2.08,70.80,96.31,-2.58,6.43,-5.74,-0.38,-1.64,4.30,-0.31,7.96,2.77,1.71,-4.62,0.25
73,83,34,22,57,10.69,122.44,-109.39,-14.09,62.75,61.27,-1.75,7.81,-4.97,-0.09,-1.89,4.28,2.58,9.13,4.70,2.05,-4.71,-0.10
75,86,32,9,46,8.47,125.07,-104.53,-9.19,67.63,66.98,-1.44,7.90,-5.54,0.13,-1.57,3.97,1.76,10.08,4.15,2.11,-4.44,-0.39
76,89,36,6,40,4.18,130.67,-96.40,-9.92,73.89,57.77,-0.74,7.63,-6.55,0.54,-1.66,3.81,1.87,10.27,2.97,2.20,-4.55,-0.87
78,91,8,9,36,0.78,123.70,-91.40,-17.47,69.04,48.66,-0.14,8.82,-5.88,1.11,-1.81,3.42,3.68,10.91,4.18,2.32,-4.09,-1.40
82,94,16,11,39,-1.48,116.42,-86.68,-21.67,63.13,48.67,0.29,10.04,-4.99,1.39,-1.20,2.55,4.92,11.05,5.60,2.18,-3.01,-1.47
85,95,44,4,19,-2.15,112.15,-84.32,-21.71,60.07,51.42,0.44,10.75,-4.38,1.48,-0.27,1.66,4.85,10.57,6.08,1.80,-1.45,-1.27
88,95,50,20,21,-0.32,111.21,-89.10,-15.42,67.24,54.51,0.06,10.64,-4.13,1.27,0.45,1.21,2.87,9.58,4.02,1.33,-0.48,-0.74
89,95,62,22,22,-0.28,114.80,-89.33,-3.46,78.74,72.81,0.05,9.69,-4.48,0.68,0.33,1.45,0.56,9.02,1.80,1.19,-0.75,-0.10
89,96,50,2,24,1.25,125.83,-92.14,2.93,83.91,115.76,-0.23,8.60,-6.21,0.14,-0.35,2.10,-0.53,10.23,1.09,1.26,-1.77,0.19
89,98,44,-2,10,3.45,130.07,-95.34,-5.95,79.87,59.35,-0.69,8.82,-7.42,0.01,-1.08,2.38,1.22,11.51,2.06,1.20,-2.56,-0.12
90,98,24,6,27,-5.09,119.86,-79.86,-14.01,78.21,39.33,0.97,9.49,-5.45,0.21,-1.08,2.21,2.64,10.34,2.16,0.96,-2.32,0.14
91,98,26,-9,30,-4.35,119.51,-81.21,-13.77,76.66,43.27,0.82,9.36,-5.30,-0.04,-0.97,1.88,2.73,10.83,2.57,0.75,-2.04,0.16
91,99,14,-9,57,-5.30,124.41,-80.67,-15.41,79.85,32.59,1.03,9.17,-6.28,-0.06,-0.75,1.21,3.19,11.40,2.04,0.38,-1.43,-0.01
91,99,18,13,48,-10.26,118.77,-69.38,-21.83,76.47,30.29,1.98,9.58,-5.26,0.18,-0.38,0.42,4.46,10.81,2.60,0.10,-0.57,-0.16
91,99,-6,15,43,-11.20,116.66,-66.18,-18.62,82.58,20.96,2.15,9.68,-4.86,0.05,0.11,-0.23,3.57,10.52,1.37,-0.17,0.16,-0.07
90,98,-14,9,36,-17.82,119.21,-56.63,-21.31,88.80,3.07,3.27,8.88,-4.97,-0.06,0.31,-0.45,3.53,9.04,0.19,-0.28,0.46,0.18
88,96,-12,-4,27,-26.77,123.57,-47.62,0.56,109.76,-91.64,4.62,7.62,-5.06,-0.42,0.21,0.60,-0.08,8.13,-2.92,0.06,-0.20,0.92
87,95,-14,-6,3,-18.29,132.34,-63.87,-4.94,97.60,-56.86,3.17,7.10,-6.47,-0.83,-0.65,2.02,0.80,9.15,-1.22,0.74,-1.91,0.86
87,96,14,-6,9,-7.09,124.01,-77.47,-15.70,79.00,34.17,1.26,8.43,-5.69,-0.77,-0.67,2.33,2.97,10.36,2.01,0.99,-1.91,0.83
87,99,22,-18,12,5.07,128.81,-98.06,-11.20,75.73,51.20,-0.98,8.62,-6.93,-0.59,-0.42,1.53,2.47,12.10,3.08,0.51,-1.25,0.51
87,100,28,-18,13,-0.80,128.14,-88.70,-12.41,82.97,29.09,0.15,8.45,-6.64,-0.18,-0.38,0.45,2.46,11.10,1.37,-0.21,-0.62,0.13
86,99,24,6,24,-15.27,129.97,-66.97,-10.36,95.94,-29.51,2.70,7.59,-6.36,-0.03,-0.59,0.12,1.80,9.78,-1.02,-0.43,-0.74,-0.03
85,97,20,15,15,-27.17,127.31,-49.74,-15.93,101.32,-34.52,4.70,7.29,-5.55,-0.08,-0.88,0.50,2.55,8.75,-1.75,-0.21,-1.11,-0.01
84,96,20,9,9,-25.41,122.49,-48.51,-17.70,94.03,-12.42,4.45,7.91,-5.04,-0.20,-0.66,0.86,3.08,9.62,-0.68,0.08,-1.02,0.08
85,95,28,15,9,-18.59,124.99,-59.61,-23.92,88.74,2.83,3.38,8.22,-5.76,-0.12,-0.40,0.50,4.36,9.83,0.22,0.04,-0.64,-0.03
86,95,48,4,1,-19.71,121.18,-55.33,-16.48,91.58,-5.33,3.48,8.30,-5.03,-0.10,-0.02,0.28,2.83,9.55,-0.26,0.03,-0.26,0.11
86,95,40,9,0,-14.59,121.47,-63.50,-19.16,87.26,7.83,2.60,8.50,-5.20,-0.26,0.03,0.07,3.41,9.81,0.47,-0.10,0.00,0.12
86,96,56,4,6,-9.81,121.54,-71.71,-20.00,81.18,22.85,1.77,8.71,-5.35,-0.28,0.28,-0.68,3.86,10.49,1.63,-0.40,0.66,0.01
87,97,38,9,10,-9.15,116.86,-70.38,-26.23,73.40,30.10,1.67,9.24,-4.68,-0.15,0.94,-2.13,5.49,10.68,3.18,-0.82,2.16,-0.28
88,98,52,15,12,-6.52,115.01,-74.87,-27.20,71.22,32.06,1.20,9.53,-4.44,-0.09,2.02,-3.95,6.16,11.34,3.85,-1.55,4.26,-0.53
89,99,44,49,0,-9.70,115.56,-68.38,-30.45,75.78,22.67,1.80,9.50,-4.54,0.04,3.17,-5.77,6.95,11.45,2.90,-2.36,6.47,-0.81
88,99,52,36,-4,-9.81,128.64,-74.52,-19.81,97.45,-19.80,1.69,7.62,-6.09,0.29,3.99,-6.58,3.74,10.30,-1.35,-2.74,7.51,-0.87
86,98,34,29,-4,-7.84,138.52,-79.59,-1.57,107.34,-84.76,1.30,6.28,-7.10,0.55,3.47,-6.06,0.26,9.03,-2.82,-2.47,6.72,-1.12
83,95,34,22,-3,-6.73,140.86,-81.34,15.71,112.09,-126.80,1.07,5.73,-7.05,0.66,2.40,-4.43,-2.22,7.30,-2.96,-1.75,4.79,-0.90
81,91,30,22,-7,-7.42,137.89,-80.05,28.78,110.25,-147.78,1.10,5.67,-6.28,0.29,1.12,-2.17,-3.79,6.47,-2.39,-0.85,2.11,-0.34
79,88,16,0,12,-9.16,139.51,-78.02,27.16,103.71,-155.20,1.31,5.26,-6.16,-0.26,-0.04,0.12,-3.31,6.27,-1.53,-0.02,-0.31,0.32
76,87,14,4,22,-7.96,146.84,-80.52,22.63,101.69,-154.09,1.20,4.70,-7.18,-0.60,-0.83,2.13,-3.13,7.35,-1.52,0.84,-2.29,0.74
75,87,32,11,31,-5.34,147.51,-83.68,10.28,96.49,-148.07,0.87,5.03,-7.89,-0.49,-1.56,3.60,-1.61,8.84,-1.01,1.53,-3.80,0.61
75,89,16,9,18,-3.44,136.46,-85.26,-6.80,85.35,34.19,0.59,6.73,-7.08,-0.09,-1.94,4.15,1.20,10.04,0.82,1.90,-4.37,0.27
78,92,18,-4,27,0.23,123.05,-90.43,-16.33,73.34,44.37,-0.04,8.89,-5.79,0.24,-1.67,3.63,3.41,11.16,3.34,1.83,-3.80,-0.02
82,94,10,6,24,2.15,114.90,-95.09,-22.43,63.45,47.27,-0.43,10.31,-4.79,0.46,-0.98,2.22,5.39,11.68,5.84,1.32,-2.16,-0.31
85,96,12,6,6,3.79,112.94,-99.65,-19.40,64.00,51.23,-0.76,10.62,-4.49,0.44,0.10,0.53,4.50,11.48,5.60,0.48,-0.20,-0.31
88,97,-2,15,3,4.32,115.61,-99.92,-15.50,70.35,50.48,-0.85,10.16,-4.87,0.32,0.72,-0.83,3.21,10.91,3.90,-0.28,1.21,-0.31
89,97,20,18,15,0.42,121.83,-90.81,-9.99,76.88,52.20,-0.08,9.06,-5.62,0.18,0.92,-1.52,1.89,10.45,2.43,-0.66,1.73,-0.29
89,97,4,11,7,-1.23,125.00,-87.86,-10.16,77.19,51.05,0.23,8.60,-6.03,0.13,0.87,-1.77,1.89,10.27,2.33,-0.79,1.83,-0.37
90,97,24,9,10,3.40,119.18,-96.95,-15.26,68.14,53.77,-0.65,9.53,-5.32,0.17,1.02,-2.21,3.16,10.76,4.32,-1.00,2.28,-0.46
92,98,24,15,4,7.86,115.70,-107.66,-16.31,66.47,53.76,-1.60,10.47,-5.04,0.12,1.53,-3.19,3.63,11.37,4.95,-1.50,3.31,-0.44
93,99,24,6,10,7.34,116.02,-106.37,-16.55,66.81,52.96,-1.51,10.53,-5.14,0.08,2.02,-4.27,3.77,11.66,4.99,-2.01,4.38,-0.52
94,100,20,-15,9,6.77,116.51,-104.90,-16.88,67.90,51.12,-1.36,10.26,-5.12,0.08,2.53,-5.15,3.72,11.36,4.61,-2.44,5.42,-0.60
94,100,32,2,12,9.61,121.70,-107.86,-10.45,72.60,58.35,-1.85,9.31,-5.75,0.04,2.78,-5.58,2.08,10.76,3.37,-2.72,5.94,-0.59
93,100,20,-9,7,13.75,127.31,-111.98,-1.98,73.00,83.26,-2.58,8.40,-6.40,0.02,2.62,-5.64,0.38,10.40,3.18,-2.78,5.94,-0.68
91,99,22,13,24,16.14,133.60,-112.77,6.16,74.15,111.58,-2.91,7.28,-6.94,0.02,2.26,-5.40,-1.04,9.28,2.63,-2.74,5.51,-0.67
87,97,22,9,22,16.67,140.68,-111.15,25.57,82.10,163.98,-2.83,5.99,-7.31,-0.13,1.73,-4.58,-4.01,8.30,1.15,-2.49,4.42,-0.38
84,95,18,36,18,18.63,144.57,-112.48,21.10,64.65,132.02,-3.17,5.44,-7.65,-0.20,0.96,-3.80,-3.56,8.33,3.95,-1.99,3.22,-0.59
81,92,12,13,30,22.93,143.98,-117.61,20.82,61.57,128.61,-3.82,5.31,-7.31,-0.23,0.84,-3.37,-3.38,7.82,4.23,-1.86,3.03,-0.50
78,90,4,18,36,25.41,147.55,-119.38,24.05,60.96,132.59,-4.24,4.78,-7.52,-0.29,0.83,-3.23,-3.96,7.75,4.30,-1.80,2.97,-0.44
74,88,0,6,37,24.04,153.11,-116.57,27.32,63.05,138.74,-3.91,3.97,-7.82,-0.28,0.91,-3.14,-4.12,7.10,3.61,-1.81,2.87,-0.30
71,86,10,2,34,22.89,159.73,-114.23,38.42,69.43,156.11,-3.69,3.03,-8.19,-0.24,0.80,-2.83,-5.51,6.50,2.44,-1.65,2.51,-0.08
66,83,6,11,46,18.47,167.60,-108.88,49.09,79.18,170.76,-2.89,1.86,-8.46,-0.29,0.55,-2.15,-6.71,5.71,1.09,-1.38,1.81,0.18
61,79,10,38,40,14.07,174.57,-104.13,56.77,91.37,-179.10,-2.20,0.83,-8.74,-0.46,0.09,-1.04,-7.49,4.91,-0.12,-0.91,0.63,0.50
57,76,16,45,46,12.41,176.68,-102.43,57.45,96.19,-176.06,-1.90,0.50,-8.63,-0.59,-0.41,0.50,-7.82,4.97,-0.54,-0.33,-0.82,1.04
55,76,10,22,40,18.47,173.00,-108.60,39.87,70.05,157.79,-2.89,1.05,-8.58,-0.63,-1.16,1.56,-5.54,6.23,2.26,0.34,-2.18,0.64
55,76,22,42,57,19.79,163.43,-110.58,22.11,58.84,128.14,-2.89,2.29,-7.71,-0.33,-0.77,1.61,-3.26,6.87,4.16,0.54,-1.67,0.63
55,76,28,33,57,20.91,164.79,-111.60,35.44,69.08,153.35,-3.25,2.23,-8.20,-0.16,-0.35,1.70,-5.33,7.00,2.67,0.62,-1.42,0.51
55,77,18,38,51,21.89,160.43,-113.10,33.88,72.06,155.36,-3.48,2.90,-8.17,-0.06,-0.71,2.26,-5.01,7.10,2.30,0.90,-2.16,0.29
57,78,10,22,64,24.13,146.69,-118.19,13.00,58.12,113.62,-3.83,4.69,-7.14,0.05,-0.87,2.36,-2.11,7.76,4.83,1.03,-2.32,0.17
60,80,14,29,63,26.97,137.06,-124.80,9.67,54.71,106.43,-4.44,5.95,-6.39,0.06,-0.42,1.93,-1.74,8.35,5.91,0.86,-1.64,0.36
62,82,0,15,48,28.33,139.24,-125.45,14.10,58.03,115.37,-4.86,5.88,-6.82,-0.06,-0.38,1.66,-2.51,8.49,5.30,0.67,-1.45,0.35
65,83,2,11,30,26.90,137.28,-124.62,10.29,56.73,108.31,-4.52,6.04,-6.54,-0.11,-0.43,1.38,-1.84,8.47,5.56,0.52,-1.26,0.33
66,84,20,11,13,23.40,140.13,-119.42,13.15,59.04,114.42,-3.81,5.64,-6.75,-0.12,-0.28,1.23,-2.21,8.13,4.88,0.43,-1.05,0.38
67,84,30,15,-4,22.30,142.41,-117.37,22.68,68.48,138.73,-3.58,5.33,-6.92,-0.21,-0.48,1.70,-3.52,7.84,3.09,0.53,-1.58,0.51
68,85,18,4,15,19.49,140.25,-114.72,12.09,63.96,116.00,-3.12,5.64,-6.78,-0.25,-0.89,2.23,-1.96,8.24,4.02,0.76,-2.25,0.46
70,86,40,-11,6,17.92,136.12,-114.16,13.05,69.29,123.24,-2.93,6.28,-6.53,-0.27,-1.07,2.90,-2.00,8.09,3.06,0.88,-2.87,0.68
71,86,40,-2,15,16.97,135.49,-113.17,17.66,81.95,156.24,-2.78,6.38,-6.49,-0.51,-1.74,4.03,-2.68,8.34,1.18,1.00,-4.24,0.93
73,87,34,-24,13,13.07,130.96,-109.51,-8.56,71.25,64.90,-2.26,7.35,-6.38,-0.52,-2.64,4.65,1.47,9.26,3.14,1.40,-5.57,0.59
77,89,62,-13,6,12.54,117.99,-115.36,-20.62,60.78,52.38,-2.36,9.38,-4.98,-0.24,-2.38,4.21,4.46,10.34,5.78,1.45,-4.95,0.44
80,91,96,13,-10,13.70,116.63,-118.53,-16.53,58.90,60.12,-2.66,9.77,-4.90,-0.15,-1.68,3.28,3.81,11.00,6.63,1.02,-3.63,0.44
83,93,76,38,-6,12.90,119.25,-115.12,-13.28,64.32,61.43,-2.44,9.31,-5.21,-0.09,-1.43,2.49,2.72,10.39,4.99,0.60,-2.85,0.22
84,93,64,36,-3,9.17,120.28,-107.76,-13.78,66.74,58.16,-1.66,8.89,-5.19,-0.05,-1.36,1.96,2.66,9.97,4.29,0.41,-2.46,0.03
85,93,64,63,7,5.43,118.73,-101.19,-17.53,64.99,53.24,-0.97,8.97,-4.92,0.04,-1.14,1.44,3.44,9.86,4.60,0.28,-1.86,-0.16
86,93,28,60,18,2.97,119.89,-95.94,-15.58,67.76,53.62,-0.52,8.69,-4.99,0.12,-0.68,0.91,2.91,9.67,3.96,0.17,-1.15,-0.24
86,93,-2,20,25,2.61,123.01,-94.79,-12.69,71.45,54.70,-0.45,8.27,-5.37,0.19,-0.46,0.68,2.25,9.46,3.17,0.15,-0.82,-0.30
86,93,-4,24,27,1.23,123.26,-92.24,-11.39,73.85,54.09,-0.21,8.22,-5.39,0.23,-0.42,0.70,1.94,9.23,2.67,0.20,-0.81,-0.30
86,92,-6,15,25,-0.28,122.31,-89.47,-11.04,74.73,53.47,0.05,8.16,-5.16,0.19,-0.43,0.87,1.81,8.96,2.45,0.30,-0.91,-0.18
85,91,0,9,46,0.06,125.57,-90.10,-6.44,79.62,57.93,-0.01,7.75,-5.54,0.09,-0.51,1.21,1.03,8.99,1.65,0.41,-1.22,-0.07
84,91,8,11,46,-0.29,130.05,-89.55,-2.93,84.49,61.93,0.05,7.30,-6.13,0.07,-0.83,1.76,0.48,9.30,0.90,0.58,-1.89,-0.06
84,91,30,31,36,-1.93,128.63,-86.91,-8.12,84.22,35.23,0.33,7.67,-6.13,0.14,-1.33,2.33,1.38,9.60,0.97,0.77,-2.72,-0.19
86,93,32,11,34,-1.89,120.97,-86.33,-16.19,79.22,32.79,0.35,9.03,-5.42,0.19,-1.54,2.44,3.13,10.58,2.02,0.77,-2.92,-0.27
89,96,58,22,40,0.93,118.52,-91.95,-21.01,77.00,30.36,-0.20,10.61,-5.77,0.14,-1.51,1.66,4.81,12.20,2.82,0.42,-2.66,-0.71
93,97,42,0,15,-5.56,107.33,-71.89,-36.48,60.53,33.64,1.23,12.06,-3.76,0.53,-0.79,-0.08,9.28,10.92,6.17,0.11,-0.73,-0.88
98,98,38,-9,15,-5.18,91.08,-11.73,-36.82,54.36,37.90,1.24,13.73,-0.26,0.27,1.14,-2.46,10.41,11.31,8.11,-0.84,2.85,-0.47
98,98,12,9,4,-5.07,107.07,-73.17,-29.46,76.11,23.03,1.00,10.78,-3.31,-0.52,3.11,-4.46,6.28,10.79,2.67,-1.97,5.64,-0.16
95,97,12,4,9,-6.62,132.58,-80.27,-10.69,93.90,-19.82,1.15,7.33,-6.73,-0.49,3.31,-4.89,1.89,9.97,-0.68,-2.11,6.12,-0.12
91,95,-6,24,-4,0.20,138.44,-90.26,4.19,95.96,-125.23,-0.03,6.45,-7.27,-0.24,2.61,-4.21,-0.66,8.90,-0.93,-1.79,4.84,-0.30
88,94,-4,40,12,2.13,130.36,-93.29,4.48,83.84,126.13,-0.34,6.95,-5.91,-0.23,1.93,-3.26,-0.63,8.06,0.87,-1.46,3.69,0.00
86,93,2,51,13,7.54,134.87,-100.62,11.99,78.54,136.91,-1.21,6.48,-6.45,-0.57,1.50,-2.42,-1.82,8.39,1.70,-1.14,2.76,0.34
83,92,20,51,21,11.97,140.50,-105.36,13.54,74.24,131.57,-1.95,5.86,-7.10,-0.67,1.07,-1.70,-2.14,8.54,2.41,-0.94,2.04,0.44
81,91,20,58,31,15.36,142.55,-109.09,10.30,69.26,117.17,-2.52,5.57,-7.27,-0.56,0.75,-1.35,-1.68,8.64,3.27,-0.74,1.48,0.32
79,90,12,31,33,15.01,144.36,-108.26,13.25,70.90,125.75,-2.38,5.16,-7.20,-0.36,0.71,-1.22,-2.10,8.44,2.92,-0.67,1.40,0.25
76,90,26,31,28,13.94,147.08,-106.48,15.45,72.21,132.13,-2.17,4.74,-7.33,-0.11,0.55,-0.97,-2.38,8.21,2.64,-0.49,1.06,0.04
74,88,14,22,31,12.78,145.52,-105.38,14.23,71.19,128.20,-1.95,4.87,-7.08,0.11,0.33,-0.54,-2.14,7.99,2.72,-0.21,0.58,-0.19
73,87,8,6,28,12.07,139.61,-105.68,13.49,70.87,126.21,-1.79,5.42,-6.37,0.22,0.19,-0.05,-1.95,7.68,2.66,0.07,0.15,-0.19
74,87,-18,15,12,14.67,134.72,-110.40,8.47,66.97,110.85,-2.27,6.16,-6.10,0.18,0.02,0.43,-1.30,8.03,3.41,0.28,-0.30,-0.12
74,87,-14,27,7,16.57,132.87,-113.62,4.22,63.60,99.43,-2.72,6.71,-6.23,0.16,-0.12,0.67,-0.72,8.77,4.35,0.41,-0.59,-0.14
76,88,-24,29,21,17.49,127.16,-117.54,0.92,61.31,91.92,-2.96,7.49,-5.67,0.18,-0.08,0.65,-0.17,9.01,4.93,0.38,-0.48,-0.10
77,89,-22,45,24,17.66,129.90,-116.40,2.36,63.01,95.19,-3.06,7.36,-6.15,0.15,-0.03,0.56,-0.43,9.21,4.69,0.31,-0.40,-0.09
78,90,-14,40,24,17.27,129.02,-116.28,1.18,62.49,92.55,-3.06,7.66,-6.21,0.19,-0.11,0.53,-0.22,9.48,4.94,0.30,-0.45,-0.17
80,91,2,45,21,17.00,125.20,-117.94,-0.40,62.26,89.15,-3.05,8.14,-5.74,0.17,-0.10,0.45,0.07,9.51,5.00,0.22,-0.38,-0.14
82,91,8,40,37,16.99,125.25,-117.89,-2.33,61.69,85.10,-3.10,8.29,-5.86,0.14,-0.10,0.34,0.45,9.63,5.19,0.13,-0.31,-0.16
83,91,6,67,34,16.20,123.66,-117.65,-2.69,61.51,84.37,-2.96,8.47,-5.64,0.08,-0.08,0.19,0.52,9.67,5.25,0.03,-0.20,-0.13
84,91,10,51,30,14.76,124.56,-114.92,-2.29,63.02,84.95,-2.65,8.27,-5.70,0.03,-0.01,0.05,0.43,9.48,4.83,-0.06,-0.04,-0.08
84,91,2,56,34,13.93,126.76,-112.51,-0.61,64.43,88.58,-2.44,7.90,-5.90,-0.01,-0.01,0.05,0.11,9.30,4.45,-0.08,-0.05,-0.04
84,91,22,56,57,13.60,128.22,-111.36,0.60,65.62,91.45,-2.35,7.62,-6.00,-0.05,-0.06,0.12,-0.11,9.21,4.17,-0.06,-0.15,0.00
84,91,34,22,51,13.16,128.98,-110.38,0.99,65.83,92.42,-2.26,7.51,-6.08,-0.07,-0.08,0.20,-0.17,9.21,4.13,-0.02,-0.20,0.02
84,91,30,4,45,14.30,130.27,-111.53,1.26,65.40,93.02,-2.47,7.40,-6.27,-0.06,-0.07,0.20,-0.23,9.41,4.31,-0.02,-0.20,-0.01
84,91,52,-6,39,14.46,128.92,-112.31,-0.33,64.56,89.22,-2.50,7.54,-6.09,-0.02,-0.04,0.10,0.06,9.29,4.42,-0.07,-0.10,-0.05
84,91,54,-6,40,13.22,129.01,-110.47,1.26,65.85,93.08,-2.23,7.39,-5.98,-0.07,0.02,0.01,-0.22,9.03,4.05,-0.11,0.01,0.00
82,91,50,-4,19,13.07,133.56,-108.62,3.67,67.10,99.36,-2.19,6.84,-6.50,-0.05,0.04,0.00,-0.63,9.05,3.82,-0.09,0.03,-0.01
81,91,30,20,18,14.28,134.49,-109.97,4.34,66.88,100.94,-2.40,6.72,-6.60,0.01,0.01,0.02,-0.76,9.17,3.91,-0.06,-0.01,-0.11
80,91,38,20,24,14.11,132.12,-110.55,2.42,65.54,95.83,-2.36,6.96,-6.29,0.08,0.04,-0.06,-0.42,9.08,4.13,-0.07,0.07,-0.17
